20201006,56,7460634,97932855,8680,38661,31346,414461,6438,20973,1609,2388,2952390,202675,634,2.72%,0.52%
20201005,56,7421973,97210380,11544,38133,30098,415085,6209,20812,1515,2370,2935196,202041,326,2.72%,0.51%
20201004,56,7383840,96364124,11471,38439,29944,413566,5974,20729,1485,2362,2911789,201715,363,2.73%,0.52%
20201003,56,7345401,95539276,11464,51372,30106,412917,5996,20686,1501,2358,2897350,201352,741,2.74%,0.70%
20201002,56,7294029,94692886,10813,49534,30697,411751,6106,20612,1533,2348,2873369,200611,835,2.75%,0.68%
20201001,56,7244495,93715700,13003,45694,30742,410409,6173,20492,1547,2334,2860650,199776,851,2.76%,0.63%
20200930,56,7198801,92955835,9431,44424,30877,408649,6145,20390,1507,2319,2840747,198925,1061,2.76%,0.62%
20200929,56,7154377,92281568,7695,36947,30391,407059,6106,20247,1495,2298,2813305,197864,739,2.77%,0.52%
20200928,56,7117430,91574039,11112,36524,29608,405326,5981,20121,1518,2285,2794608,197125,257,2.77%,0.51%
20200927,56,7080906,90655018,11136,35454,29434,404085,6080,20050,1511,2277,2766304,196868,307,2.78%,0.50%
20200926,56,7045452,89985494,11183,47856,29554,403325,6057,20002,1509,2272,2750459,196561,869,2.79%,0.68%
20200925,56,6997596,89096343,10905,55526,29769,402171,6133,19919,1506,2264,2727335,195692,844,2.80%,0.79%
20200924,56,6942070,88218448,12008,43772,30043,400840,6168,19555,1560,2177,2710183,194848,921,2.81%,0.63%
20200923,56,6898298,87416375,10535,38567,29905,399252,6113,19452,1544,2154,2672338,193927,1159,2.81%,0.56%
20200922,56,6859731,86615497,7999,49439,29459,397801,6111,19324,1562,2130,2646959,192768,854,2.81%,0.72%
20200921,56,6810292,85942856,13241,39472,28755,396355,6071,19353,1572,2116,2615974,191914,287,2.82%,0.58%
20200920,56,6770820,85303584,13192,36295,28608,395215,6015,19281,1595,2112,2589239,191627,327,2.83%,0.54%
20200919,56,6734525,84512983,13217,45564,29035,394699,6070,19243,1577,2111,2577467,191300,740,2.84%,0.68%
20200918,56,6688961,83566093,11805,47486,29501,393632,6175,19163,1608,2107,2557862,190560,901,2.85%,0.71%
20200917,56,6641475,82709952,11768,43558,29900,392173,6278,19057,1658,2092,2540334,189659,863,2.86%,0.66%
20200916,56,6597917,81976741,10587,40021,30278,390624,6308,18961,1651,2090,2525573,188796,1200,2.86%,0.61%
20200915,56,6557896,81351140,4966,35445,30328,389107,6310,18847,1572,2071,2495127,187596,1031,2.86%,0.54%
20200914,56,6522451,80701552,10494,33864,29895,387616,6238,18748,1507,2061,2477942,186565,404,2.86%,0.52%
20200913,56,6488587,80329804,10467,34453,29810,386679,6233,18692,1562,2056,2450184,186161,390,2.87%,0.53%
20200912,56,6454134,79717367,10403,42090,30655,386087,6451,18648,1619,2051,2438903,185771,810,2.88%,0.65%
20200911,56,6412044,78910645,10813,44927,31421,385011,6379,18549,1715,2031,2417878,184961,1018,2.88%,0.70%
20200910,56,6367117,78189575,10530,37581,32421,383458,6531,18453,1925,2008,2403511,183943,1170,2.89%,0.59%
20200909,56,6329536,77613114,6551,31114,32562,381926,6646,18322,1903,1994,2387479,182773,1084,2.89%,0.49%
20200908,56,6298422,77059685,8983,22223,32262,379866,6542,18189,1879,1975,2359111,181689,358,2.88%,0.35%
20200907,56,6276199,76573198,8986,28682,31999,378907,6630,18156,1879,1967,2333583,181331,225,2.89%,0.46%
20200906,56,6247517,76013582,8946,33117,32372,378415,6700,18125,1912,1960,2316020,181106,449,2.90%,0.53%
20200905,56,6214400,75310873,9021,44905,33502,377926,6766,18089,1956,1956,2302203,180657,918,2.91%,0.72%
20200904,56,6169495,74549817,10118,51591,34099,376639,6924,18012,1995,1943,2283454,179739,998,2.91%,0.84%
20200903,56,6117904,73699205,9987,44714,34682,375400,6921,17894,2042,1928,2266957,178741,1070,2.92%,0.73%
20200902,56,6073190,73019975,9293,30603,35569,373864,7087,17784,2024,1918,2231757,177671,1032,2.93%,0.50%
20200901,56,6042587,72405542,6647,42433,35271,372217,7090,17655,2042,1902,2202682,176639,1027,2.92%,0.70%
20200831,56,6000154,71749439,11128,31406,35352,370380,7043,17537,2077,1877,2184825,175612,366,2.93%,0.52%
20200830,56,5968748,71100440,11148,39501,35726,369564,7268,17439,2055,1870,2153963,175246,475,2.94%,0.66%
20200829,56,5929247,70400432,11151,44501,36428,368884,7413,17401,2062,1864,2140631,174771,1015,2.95%,0.75%
20200828,56,5884746,69680696,10428,46548,37239,367588,7558,17304,2086,1856,2118367,173756,1024,2.95%,0.79%
20200827,56,5838198,68954986,11168,43984,37464,365993,7717,17181,2125,1831,2101326,172732,1129,2.96%,0.75%
20200826,56,5794214,68256910,4081,44053,38401,364325,7737,17046,2142,1809,2084465,171603,1298,2.96%,0.76%
20200825,56,5750161,67625238,4091,36379,38779,362452,7863,16920,2163,1789,2053699,170305,1147,2.96%,0.63%
20200824,56,5713782,67027456,4143,34643,38673,360453,7851,16787,2118,1764,2020774,169158,343,2.96%,0.61%
20200823,56,5679139,66379446,4149,37566,39017,359404,7949,16697,2131,1737,1997782,168815,572,2.97%,0.66%
20200822,56,5641573,65801499,4154,46236,39894,358630,8207,16657,2204,1736,1985493,168243,1029,2.98%,0.82%
20200821,56,5595337,65091206,4199,46561,40951,357093,8357,16563,2286,1730,1965056,167214,1123,2.99%,0.83%
20200820,56,5548776,64394152,4170,43758,41988,355276,8483,16487,2335,1716,1946866,166091,1134,2.99%,0.79%
20200819,56,5505018,63760074,4374,44955,43330,353266,8744,16377,2371,1705,1924875,164957,1420,3.00%,0.82%
20200818,56,5460063,63115251,4412,40795,43758,351234,8866,16123,2468,1695,1889170,163537,1196,3.00%,0.75%
20200817,56,5419268,62498392,4298,37880,43485,348961,8871,15985,2447,1678,1865580,162341,407,3.00%,0.70%
20200816,56,5381388,61872546,4302,42487,44046,347694,8958,15924,2481,1665,1833096,161934,619,3.01%,0.79%
20200815,56,5338901,61131947,4452,56149,44795,347045,9087,15891,2526,1663,1818546,161315,1221,3.02%,1.05%
20200814,56,5282752,60438637,4415,55636,45776,345014,9277,15764,2549,1665,1796326,160094,1216,3.03%,1.05%
20200813,56,5227116,59639733,4239,51759,47218,342802,9487,15629,2579,1649,1774648,158878,1163,3.04%,0.99%
20200812,56,5175357,58796198,4174,56134,47991,340117,9555,15524,2604,1629,1755225,157715,1519,3.05%,1.08%
20200811,56,5119223,58357174,4118,55701,48498,337062,9136,15331,2415,1612,1714960,156196,1326,3.05%,1.09%
20200810,56,5063522,57658417,3966,42089,48635,334347,9216,15158,2533,1592,1670755,154870,426,3.06%,0.83%
20200809,56,5021433,56965015,3871,50627,48899,332693,9307,15081,2507,1578,1656888,154444,616,3.08%,1.01%
20200808,56,4970806,56298076,3888,53712,49911,331838,9662,15024,2566,1561,1643137,153828,1089,3.09%,1.08%
20200807,56,4917094,55676096,3988,61345,51207,330424,9691,14925,2617,1549,1623870,152739,1333,3.11%,1.25%
20200806,56,4855749,54960377,3903,54187,53132,322388,9994,14810,2718,1534,1598624,151406,1251,3.12%,1.12%
20200805,56,4801562,54268978,3842,52324,53353,319706,9986,14687,2719,1524,1577851,150155,1346,3.13%,1.09%
20200804,56,4749238,53625363,3789,51866,53326,317437,10207,14537,2701,1493,1528979,148809,1255,3.13%,1.09%
20200803,56,4697372,52965810,3662,49713,53377,312947,10230,14370,2659,1463,1513446,147554,519,3.14%,1.06%
20200802,56,4647659,52273107,3888,46812,54017,311223,10415,14288,2645,1448,1468689,147035,498,3.16%,1.01%
20200801,56,4600847,51629781,3975,61101,54470,310406,10450,14227,2698,1445,1461885,146537,1190,3.19%,1.33%
20200731,56,4539746,50955877,3956,67623,55593,308088,10472,14044,2703,1437,1438160,145347,1312,3.20%,1.49%
20200730,56,4472123,50298050,3947,69418,56427,305461,10523,13875,2760,1415,1413957,144035,1259,3.22%,1.55%
20200729,56,4402705,49560100,3840,64408,57339,302078,10539,13744,2772,1400,1390568,142776,1492,3.24%,1.46%
20200728,56,4338297,48792892,3600,59003,57091,299144,10463,13559,2752,1372,1355363,141284,1122,3.26%,1.36%
20200727,56,4279294,48089207,3398,55332,58897,294472,10328,13412,2720,1356,1325804,140162,1060,3.28%,1.29%
20200726,56,4223962,47382065,3361,61000,58621,292782,10353,13343,2723,1336,1297863,139102,559,3.29%,1.44%
20200725,56,4162962,46602011,3377,64741,59301,291347,10380,13279,2729,1300,1279414,138543,1023,3.33%,1.56%
20200724,56,4098221,45886042,3409,75235,59682,289370,10395,13182,2711,1297,1261624,137520,1176,3.36%,1.84%
20200723,56,4022986,45034837,3179,71553,59718,286338,10414,12933,2465,1280,1233269,136344,1056,3.39%,1.78%
20200722,56,3951433,44265316,3051,69333,59596,283829,10457,12790,2440,1258,1210849,135288,1171,3.42%,1.75%
20200721,56,3882100,43538211,3197,63930,59364,281581,6711,12629,2414,1242,1182931,134117,1039,3.45%,1.65%
20200720,56,3818170,42851850,3003,57041,58370,279030,6557,12475,2403,1223,1160087,133078,363,3.49%,1.49%
20200719,56,3761129,42197702,3052,64260,57885,277383,6384,12393,2362,1216,1131171,132715,527,3.53%,1.71%
20200718,56,3696869,41482371,3032,64951,57645,276439,6397,12342,2343,1211,1122720,132188,872,3.58%,1.76%
20200717,56,3631918,40790485,3002,76842,57759,274436,6452,12243,2353,1200,1106844,131316,951,3.62%,2.12%
20200716,56,3555076,40032828,2929,71036,57440,271758,6359,12091,2317,1175,1090645,130365,947,3.67%,2.00%
20200715,56,3484040,39276541,2947,65797,56144,269543,6317,12002,2317,1166,1075882,129418,858,3.71%,1.89%
20200714,56,3418243,38573451,960,62687,55565,267127,6235,11857,2263,1154,1049098,128560,736,3.76%,1.83%
20200713,56,3355556,37870551,2610,58133,53988,264865,6074,11749,2259,1142,1031939,127824,327,3.81%,1.73%
20200712,56,3297423,37234051,2639,61312,52727,263651,5930,11679,2182,1136,1006326,127497,476,3.87%,1.86%
20200711,56,3236111,36531657,2618,62895,51858,262712,5939,11612,2169,1128,995576,127021,757,3.93%,1.94%
20200710,56,3173216,35893902,2493,66846,51599,257571,5896,11523,2197,1118,983185,126264,854,3.98%,2.11%
20200709,56,3106370,35150973,2530,59157,43933,255253,5845,11370,2127,1138,969111,125410,867,4.04%,1.90%
20200708,56,3047213,34504129,2360,62672,43076,253534,5874,11303,2172,1103,953420,124543,807,4.09%,2.06%
20200707,56,2984541,33928570,2136,51687,41760,251499,5832,11177,2098,1084,936476,123736,923,4.15%,1.73%
20200706,56,2932854,33344399,1907,41959,39769,249539,5687,11058,2105,1070,924148,122813,243,4.19%,1.43%
20200705,56,2890895,32872797,1885,45612,38764,248745,5653,11010,2080,1064,902558,122570,209,4.24%,1.58%
20200704,56,2845283,32239458,2083,54338,38146,248155,5633,10977,1982,1063,894325,122361,306,4.30%,1.91%
20200703,56,2790945,31661977,2237,53948,37798,247284,5597,10936,2049,1059,883561,122055,598,4.37%,1.93%
20200702,56,2736997,31007934,2208,54085,37500,245849,5626,10843,2105,1041,875127,121457,695,4.44%,1.98%
20200701,56,2682912,30399580,2604,50981,36405,243846,5512,10752,2098,1027,823151,120762,701,4.50%,1.90%
20200630,56,2631931,29810182,2432,47864,35248,242408,5424,10669,2044,1008,813788,120061,596,4.56%,1.82%
20200629,56,2584067,29230030,2194,39813,33585,240826,5380,10542,2011,990,798360,119465,332,4.62%,1.54%
20200628,56,2544254,28614042,2198,41570,32488,240156,5252,10473,2077,983,778321,119133,271,4.68%,1.63%
20200627,56,2502684,28078236,2186,43164,32482,239576,5314,10415,2159,977,772465,118862,511,4.75%,1.72%
20200626,56,2459520,27522589,2201,44543,31738,238519,5283,10334,2075,966,763966,118351,637,4.81%,1.81%
20200625,56,2414977,26957095,2133,39637,31842,236993,5320,10257,2214,951,756719,117714,647,4.87%,1.64%
20200624,56,2375340,26354402,2049,39075,31102,235736,5293,10173,2248,934,747565,117067,724,4.93%,1.65%
20200623,56,2336265,25869353,1891,33447,30235,234426,5402,10077,2293,918,738952,116343,710,4.98%,1.43%
20200622,56,2302818,25400249,2028,27281,28799,233169,5323,10002,2299,909,731602,115633,286,5.02%,1.18%
20200621,56,2275537,24956160,2084,27928,28220,232369,5195,9944,2321,904,713537,115347,294,5.07%,1.23%
20200620,56,2247609,24460111,2108,32294,27967,231855,5229,9908,2380,888,708864,115053,629,5.12%,1.44%
20200619,56,2215315,23926807,2032,31471,28616,231110,5341,9876,2434,884,698119,114424,655,5.17%,1.42%
20200618,56,2183844,23378700,1903,27746,28415,229497,5464,9736,2520,869,690692,113769,705,5.21%,1.27%
20200617,56,2156098,22887075,1745,24001,28576,228457,5612,9665,2588,857,680916,113064,767,5.24%,1.11%
20200616,56,2132097,22423907,1604,23478,28270,227327,5570,9590,2594,845,672228,112297,730,5.27%,1.10%
20200615,56,2108619,21981257,1619,18649,27867,226026,5703,9516,2640,835,665059,111567,381,5.29%,0.88%
20200614,56,2089970,21565867,1672,21399,27895,225483,5749,9466,2716,834,650541,111186,356,5.32%,1.02%
20200613,56,2068571,21101713,1698,25376,28450,224843,5883,9430,2726,830,645331,110830,694,5.36%,1.23%
20200612,56,2043195,20630325,1783,23597,29154,223738,6017,9373,2734,814,636111,110136,775,5.39%,1.15%
20200611,56,2019598,20030353,1816,22153,29698,222493,6074,9295,2886,792,629017,109361,899,5.41%,1.10%
20200610,56,1997445,19592291,1737,20894,30864,221126,6249,9225,3020,780,618125,108462,887,5.43%,1.05%
20200609,56,1976551,19183320,1661,17312,31009,219642,6457,9141,3090,771,609476,107575,902,5.44%,0.88%
20200608,56,1959239,18778941,1606,17209,30996,218115,6402,9013,3240,762,603143,106673,661,5.44%,0.88%
20200607,56,1942030,18398720,1733,18740,31225,217401,6501,8957,3298,753,590988,106012,447,5.46%,0.96%
20200606,56,1923290,17994337,1796,23064,31761,216716,6762,8920,3476,750,585470,105565,728,5.49%,1.20%
20200605,56,1900226,17472559,1749,23394,32280,215699,6920,8863,3523,740,576327,104837,826,5.52%,1.23%
20200604,56,1876832,16987873,3474,20886,32639,214259,7057,8787,3665,723,569623,104011,893,5.54%,1.11%
20200603,56,1855946,16545978,3556,20390,33070,217100,7227,8688,3749,717,557366,103118,993,5.56%,1.10%
20200602,56,1835556,16097659,4054,20109,33724,214845,7407,8566,3852,710,541976,102125,962,5.56%,1.10%
20200601,56,1815447,15697059,3455,20485,34075,213260,7591,8485,3950,704,536339,101163,668,5.57%,1.13%
20200531,56,1794962,15303390,3270,21558,34648,210464,7626,8445,3669,704,522866,100495,652,5.60%,1.20%
20200530,56,1773404,14928199,1668,23682,35524,209488,7956,8305,4004,698,494569,99843,932,5.63%,1.34%
20200529,56,1749722,14525338,2978,23572,36764,208064,8174,8235,4032,689,484554,98911,1184,5.65%,1.35%
20200528,56,1726150,14060234,1906,22622,37818,206349,8389,8109,4080,676,478099,97727,1231,5.66%,1.31%
20200527,56,1703528,13646805,3132,19447,38038,204719,8547,8015,4222,666,391508,96496,1321,5.66%,1.14%
20200526,56,1684081,13356243,1549,16825,37561,203006,8585,7899,4215,650,384902,95175,645,5.65%,1.00%
20200525,56,1667256,13065188,3368,18671,37432,185686,8467,7847,4237,642,379157,94530,559,5.67%,1.12%
20200524,56,1648585,12660470,3860,20072,37483,184684,8485,7801,4383,639,366736,93971,680,5.70%,1.22%
20200523,56,1628513,12298530,4084,21531,38391,183763,8733,7770,4620,638,361239,93291,1063,5.73%,1.32%
20200522,56,1606982,11929381,3709,24433,39822,182385,9049,7689,4716,633,350135,92228,1341,5.74%,1.52%
20200521,56,1582549,11543590,3641,26688,41065,178339,9090,7412,4868,616,298418,90887,1394,5.74%,1.69%
20200520,56,1555861,11107315,2973,21308,41546,173709,9521,7319,4911,613,294312,89493,1399,5.75%,1.37%
20200519,56,1534553,10720072,2944,20897,41661,171713,9598,7217,5032,606,289484,88094,1326,5.74%,1.36%
20200518,56,1513656,10338098,3596,21028,41553,170116,9754,7064,5257,602,283178,86768,848,5.73%,1.39%
20200517,56,1492628,10002921,3449,20009,41606,168959,9934,7003,5467,593,272265,85920,849,5.76%,1.34%
20200516,56,1472619,9651351,3788,24702,43211,167760,10278,6945,5529,592,268376,85071,987,5.78%,1.68%
20200515,56,1447917,9313193,2457,24685,44299,165904,10484,6890,5746,589,250747,84084,1507,5.81%,1.70%
20200514,56,1423232,8978480,2673,26785,45635,164551,10655,6795,5940,582,246414,82577,1879,5.80%,1.88%
20200513,56,1396447,8639769,1983,21285,46742,161345,10990,6713,6156,572,243430,80698,1704,5.78%,1.52%
20200512,56,1375162,8340605,1803,22890,47402,159536,11240,5595,6352,559,238857,78994,1486,5.74%,1.66%
20200511,56,1352272,8053622,1989,18377,46372,157957,11148,6488,6350,551,232142,77508,892,5.73%,1.36%
20200510,56,1333895,7688384,3095,21055,46981,156719,11393,6445,6395,547,215591,76616,1036,5.74%,1.58%
20200509,56,1312840,7443031,3054,25218,48564,155664,11496,6367,6551,543,211976,75580,1445,5.76%,1.92%
20200508,56,1287622,7175795,3307,27222,49785,153956,11780,6294,6788,531,198459,74135,1798,5.76%,2.11%
20200507,56,1260400,6904672,3171,27537,51398,147064,12136,5174,7070,529,194528,72337,2752,5.74%,2.18%
20200506,56,1232863,6629657,2742,25115,52560,143322,12478,4911,4753,449,189425,69585,1948,5.64%,2.04%
20200505,56,1207748,6408808,2633,22444,53221,141203,12628,4794,4818,439,189336,67637,2452,5.60%,1.86%
20200504,56,1185304,6158727,2791,22649,52409,139220,12696,4579,4848,430,186752,65185,1035,5.50%,1.91%
20200503,56,1162655,5949059,2812,25701,52623,137569,12720,4502,4761,425,179733,64150,1232,5.52%,2.21%
20200502,56,1136954,5737942,1578,29154,54048,135606,12905,4386,4845,375,174987,62918,1562,5.53%,2.56%
20200501,56,1107800,5519621,1639,33021,54903,133575,12845,4300,4707,376,163644,61356,1779,5.54%,2.98%
20200430,56,1074779,5256521,2775,29975,54919,123786,13255,4192,4712,373,154648,59577,2139,5.54%,2.79%
20200429,56,1044804,5052618,4832,26168,55979,121496,13535,4093,4796,365,147165,57438,2713,5.50%,2.50%
20200428,56,1018636,4839965,4206,25280,56062,118081,13562,3798,4760,195,139041,54725,2072,5.37%,2.48%
20200427,56,993356,4658012,4077,22708,56189,116002,13812,3720,4867,195,121323,52653,1270,5.30%,2.29%
20200426,56,970648,4484632,4445,27310,56192,112926,14104,2571,5121,227,116529,51383,1215,5.29%,2.81%
20200425,56,943338,4305348,5315,35889,57381,110734,14415,2516,5266,227,112539,50168,1748,5.32%,3.80%
20200424,56,907449,4064631,4396,34231,57295,108278,14605,2468,5187,227,101296,48420,1895,5.34%,3.77%
20200423,56,873218,3862346,4258,31812,58989,105940,14744,2428,5464,227,96921,46525,1791,5.33%,3.64%
20200422,56,841406,3700716,4191,28959,59202,103138,15013,2370,5474,227,92978,44734,2098,5.32%,3.44%
20200421,56,812447,3405487,3956,26367,59780,100051,14941,2315,5514,214,72842,42636,2467,5.25%,3.25%
20200420,56,786080,3278424,4037,25897,56734,97369,14463,2193,5567,214,69493,40169,1798,5.11%,3.29%
20200419,56,760183,3158055,11324,27387,56486,95158,14385,2145,5603,214,67205,38371,1772,5.05%,3.60%
20200418,56,732796,3031223,9906,27907,57761,92919,14769,2096,5729,205,62840,36599,1893,4.99%,3.81%
20200417,56,704889,2912972,10889,32024,58895,89356,14890,2052,6096,148,53533,34706,2119,4.92%,4.54%
20200416,56,672865,2785630,16927,30978,59499,85951,15130,1834,5940,137,48851,32587,2200,4.84%,4.60%
20200415,56,641887,2652457,16901,30307,59940,82880,14646,1783,6032,223,43435,30387,2544,4.73%,4.72%
20200414,56,611580,2545433,16615,25719,59610,78446,14039,1715,5975,221,39268,27843,2336,4.55%,4.21%
20200413,56,585861,2419021,17159,25195,56184,75164,13620,1628,6168,210,35372,25507,1643,4.35%,4.30%
20200412,56,560666,2309672,16419,27784,55427,70879,13620,1455,5986,160,34081,23864,1703,4.26%,4.96%
20200411,56,532882,2198468,16593,30501,55573,67591,13285,1405,5978,154,31567,22161,2054,4.16%,5.72%
20200410,56,502381,2091876,17435,34380,53166,64766,12693,1185,5937,41,28997,20107,2108,4.00%,6.84%
20200409,56,468001,1967684,17622,34503,51305,59832,12450,924,5794,39,24819,17999,2043,3.85%,7.37%
20200408,56,433498,1830936,17219,30677,45492,55909,10337,1013,4131,216,21102,15956,2010,3.68%,7.08%
20200407,56,402821,1713782,16548,30885,43799,51598,9978,889,4076,151,18443,13946,2024,3.46%,7.67%
20200406,56,371936,1590178,17283,29002,36156,48617,7079,814,2961,147,16554,11922,1318,3.21%,7.80%
20200405,56,342934,1466925,17303,25500,32169,45671,5811,760,652,147,14513,10604,1340,3.09%,7.44%
20200404,56,317434,1372626,15569,33212,30266,41768,5500,554,656,147,12816,9264,1482,2.92%,10.46%
20200403,56,284222,1176560,61976,32076,25729,36682,4928,486,605,147,10861,7782,1286,2.74%,11.29%
20200402,56,252146,1075547,62097,28060,22956,32128,4513,456,574,140,8586,6496,1172,2.58%,11.13%
20200401,56,224086,984489,59665,25791,20775,27953,3937,407,561,140,7084,5324,1011,2.38%,11.51%
20200331,56,198295,901508,59518,24853,18082,23725,3487,236,507,,5666,4313,890,2.18%,12.53%
20200330,56,173442,813851,65369,22042,15772,19819,3087,187,451,,4560,3423,589,1.97%,12.71%
20200329,56,151400,717145,65545,19581,14026,17283,2456,156,439,,4052,2834,521,1.87%,12.93%
20200328,56,131819,648958,65709,19692,12350,14508,2174,140,390,,3143,2313,538,1.75%,14.94%
20200327,56,112127,561583,60091,19128,10932,12083,1792,124,324,,2418,1775,406,1.58%,17.06%
20200326,56,92999,477802,60251,17720,7757,9520,1299,91,258,,97,1369,319,1.47%,19.05%
20200325,56,75279,393491,51235,12908,5062,7021,,74,167,,146,1050,235,1.39%,17.15%
20200324,56,62371,321763,14433,10769,3902,5117,,,,,,815,234,1.31%,17.27%
20200323,56,51602,263068,14571,11439,2770,3937,,,,,,581,101,1.13%,22.17%
20200322,56,40163,216174,2842,9125,2155,3023,,,,,,480,146,1.20%,22.72%
20200321,56,31038,179718,3468,6793,1436,2020,,,,,,334,62,1.08%,21.89%
20200320,56,24245,141090,3330,6147,1042,108,,,,,,272,69,1.12%,25.35%
20200319,56,18098,110522,3016,4651,617,85,,,,,,203,48,1.12%,25.70%
20200318,56,13447,87199,2526,3089,416,67,,,,,,155,32,1.15%,22.97%
20200317,56,10358,65131,1687,2588,325,55,,,,,,123,23,1.19%,24.99%
20200316,56,7770,51186,1691,1748,,42,,,,,,100,21,1.29%,22.50%
20200315,51,6022,34661,2242,1291,,36,,,,,,79,15,1.31%,21.44%
20200314,51,4731,28108,1236,924,,26,,,,,,64,9,1.35%,19.53%
20200313,51,3807,24256,1130,1072,,22,,,,,,55,4,1.44%,28.16%
20200312,51,2735,15938,673,671,,16,,,,,,51,8,1.86%,24.53%
20200311,51,2064,11188,563,509,,11,,,,,,43,6,2.08%,24.66%
20200310,51,1555,7767,469,387,,8,,,,,,37,2,2.38%,24.89%
20200309,51,1168,5583,313,292,,8,,,,,,35,4,3.00%,25.00%
20200308,51,876,4049,347,198,,6,,,,,,31,4,3.54%,22.60%
20200307,51,678,3333,602,178,,6,,,,,,27,1,3.98%,26.25%
20200306,37,500,2672,458,112,,6,,,,,,26,6,5.20%,22.40%
20200305,25,388,1949,197,107,,5,,,,,,20,4,5.15%,27.58%
20200304,18,281,1417,103,139,,4,,,,,,16,2,5.69%,49.47%
20200303,6,142,446,,48,,,,,,,,14,3,9.86%,33.80%
20200302,6,94,243,,44,,,,,,,,11,3,11.70%,46.81%
20200301,6,50,85,,32,,,,,,,,8,3,16.00%,64.00%
20200229,4,18,24,,18,,,,,,,,5,1,27.78%,100.00%
20200228,4,0,0,,0,,,,,,,,4,2,,
20200227,4,0,0,,0,,,,,,,,2,0,,
20200226,3,0,0,,0,,,,,,,,2,2,,
20200225,3,0,0,,0,,,,,,,,0,0,,
20200224,3,0,0,,0,,,,,,,,0,0,,
20200223,3,0,0,,0,,,,,,,,0,0,,
20200222,3,0,0,,0,,,,,,,,0,0,,
20200221,3,0,0,,0,,,,,,,,0,0,,
20200220,3,0,0,,0,,,,,,,,0,0,,
20200219,3,0,0,,0,,,,,,,,0,0,,
20200218,3,0,0,,0,,,,,,,,0,0,,
20200217,3,0,0,,0,,,,,,,,0,0,,
20200216,3,0,0,,0,,,,,,,,0,0,,
20200215,3,0,0,,0,,,,,,,,0,0,,
20200214,3,0,0,,0,,,,,,,,0,0,,
20200213,3,0,0,,0,,,,,,,,0,0,,
20200212,3,0,0,,0,,,,,,,,0,0,,
20200211,3,0,0,,0,,,,,,,,0,0,,
20200210,3,0,0,,0,,,,,,,,0,0,,
20200209,2,0,0,,0,,,,,,,,,0,,
20200208,2,0,0,,0,,,,,,,,,0,,
20200207,2,0,0,,0,,,,,,,,,0,,
20200206,2,0,0,,0,,,,,,,,,0,,
20200205,2,0,0,,0,,,,,,,,,0,,
20200204,2,0,0,,0,,,,,,,,,0,,
20200203,2,0,0,,0,,,,,,,,,0,,
20200202,2,0,0,,0,,,,,,,,,0,,
20200201,2,0,0,,0,,,,,,,,,0,,
20200131,2,0,0,,0,,,,,,,,,0,,
20200130,2,0,0,,0,,,,,,,,,0,,
20200129,2,0,0,,0,,,,,,,,,0,,
20200128,2,0,0,,0,,,,,,,,,0,,
20200127,2,0,0,,0,,,,,,,,,0,,
20200126,2,0,0,,0,,,,,,,,,0,,
20200125,2,0,0,,0,,,,,,,,,0,,
20200124,2,0,0,,0,,,,,,,,,0,,
20200123,2,0,0,,0,,,,,,,,,0,,
20200122,2,0,0,,0,,,,,,,,,0,,
