20200719,TX,325030,2607334,,7300,10592,363522,,,,,172936,3958,7300,82379,2932364,2932364,93,1.22%,2.25%
20200718,TX,317730,2524955,,10158,10658,352930,,,,,169581,3865,10158,65206,2842685,2842685,130,1.22%,3.20%
20200717,TX,307572,2459749,,14916,10632,342272,,,,,162191,3735,14916,52550,2767321,2767321,174,1.21%,4.85%
20200716,TX,292656,2407199,,10291,10457,331640,,,,,155937,3561,10291,47365,2699855,2699855,129,1.22%,3.52%
20200715,TX,282365,2359834,,7307,10471,321183,,,,,149276,3432,7307,36212,2642199,2642199,110,1.22%,2.59%
20200714,TX,275058,2323622,,10745,10569,310712,,,,,142398,3322,10745,47810,2598680,2598680,87,1.21%,3.91%
20200713,TX,264313,2275812,,5655,10405,300143,,,,,136419,3235,5655,41716,2540125,2540125,43,1.22%,2.14%
20200712,TX,258658,2234096,,8196,10410,289738,,,,,132638,3192,8196,54934,2492754,2492754,80,1.23%,3.17%
20200711,TX,250462,2179162,,10351,10083,279328,,,,,127880,3112,10351,29484,2429624,2429624,99,1.24%,4.13%
20200710,TX,240111,2149678,,9765,10002,269245,,,,,122996,3013,9765,66812,2389789,2389789,95,1.25%,4.07%
20200709,TX,230346,2082866,,9782,9689,259243,,,,,118326,2918,9782,44722,2313212,2313212,105,1.27%,4.25%
20200708,TX,220564,2038144,,9979,9610,249554,,,,,113284,2813,9979,27442,2258708,2258708,98,1.28%,4.52%
20200707,TX,210585,2010702,,10028,9286,239944,,,,,108485,2715,10028,47530,2221287,2221287,60,1.29%,4.76%
20200706,TX,200557,1963172,,5318,8698,230658,,,,,103782,2655,5318,24954,2163729,2163729,18,1.32%,2.65%
20200705,TX,195239,1938218,,3449,8181,221960,,,,,100843,2637,3449,58199,2133457,2133457,29,1.35%,1.77%
20200704,TX,191790,1880019,,8258,7890,213779,,,,,97430,2608,8258,49645,2071809,2071809,33,1.36%,4.31%
20200703,TX,183532,1830374,,7555,7652,205889,,,,,93572,2575,7555,30548,2013906,2013906,50,1.40%,4.12%
20200702,TX,175977,1799826,,7915,7382,198237,,,,,90720,2525,7915,45940,1975803,1975803,44,1.43%,4.50%
20200701,TX,168062,1753886,,8076,6904,190855,,,,,87556,2481,8076,44590,1921948,1921948,57,1.48%,4.81%
20200630,TX,159986,1709296,,6975,6533,183951,,,,,84818,2424,6975,43118,1869282,1869282,21,1.52%,4.36%
20200629,TX,153011,1666178,,4283,5913,177418,,,,,81335,2403,4283,39687,1819189,1819189,10,1.57%,2.80%
20200628,TX,148728,1626491,,5357,5497,171505,,,,,79974,2393,5357,47036,1775219,1775219,27,1.61%,3.60%
20200627,TX,143371,1579455,,5747,5523,166008,,,,,78248,2366,5747,19745,1722826,1722826,42,1.65%,4.01%
20200626,TX,137624,1559710,,5707,5102,160485,,,,,76282,2324,5707,32287,1697334,1697334,28,1.69%,4.15%
20200625,TX,131917,1527423,,5996,4739,155383,,,,,74496,2296,5996,23086,1659340,1659340,47,1.74%,4.55%
20200624,TX,125921,1504337,,5551,4389,150644,,,,,72898,2249,5551,27417,1630258,1630258,29,1.79%,4.41%
20200623,TX,120370,1476920,,5489,4092,146255,,,,,70714,2220,5489,42792,1597290,1597290,28,1.84%,4.56%
20200622,TX,114881,1434128,,3280,3711,142163,,,,,69190,2192,3280,19549,1549009,1549009,10,1.91%,2.86%
20200621,TX,111601,1414579,,3866,3409,138452,,,,,68499,2182,3866,58916,1526180,1526180,17,1.96%,3.46%
20200620,TX,107735,1355663,,4430,3247,135043,,,,,67096,2165,4430,35054,1463398,1463398,25,2.01%,4.11%
20200619,TX,103305,1320609,,3454,3148,131796,,,,,65329,2140,3454,12719,1423914,1423914,35,2.07%,3.34%
20200618,TX,99851,1307890,,3516,2947,128648,,,,,63812,2105,3516,34587,1407741,1407741,43,2.11%,3.52%
20200617,TX,96335,1273303,,3129,2793,125701,,,,,62368,2062,3129,18067,1369638,1369638,33,2.14%,3.25%
20200616,TX,93206,1255236,,4098,2518,122908,,,,,60681,2029,4098,29583,1348442,1348442,46,2.18%,4.40%
20200615,TX,89108,1225653,,1254,2326,120390,,,,,59089,1983,1254,17524,1314761,1314761,7,2.23%,1.41%
20200614,TX,87854,1208129,,1843,2287,118064,,,,,58341,1976,1843,33821,1295983,1295983,19,2.25%,2.10%
20200613,TX,86011,1174308,,2331,2242,115777,,,,,56535,1957,2331,31031,1260319,1260319,18,2.28%,2.71%
20200612,TX,83680,1143277,,2097,2166,113535,,,,,55258,1939,2097,18540,1226957,1226957,19,2.32%,2.51%
20200611,TX,81583,1124737,,1826,2008,111369,,,,,54096,1920,1826,43407,1206320,1206320,35,2.35%,2.24%
20200610,TX,79757,1081330,,2504,2153,109361,,,,,52449,1885,2504,11228,1161087,1161087,32,2.36%,3.14%
20200609,TX,77253,1070102,,1637,2056,107208,,,,,51140,1853,1637,25402,1147355,1147355,23,2.40%,2.12%
20200608,TX,75616,1044700,,638,1935,105152,,,,,49758,1830,638,19232,1120316,1120316,0,2.42%,0.84%
20200607,TX,74978,1025468,,1425,1878,103217,,,,,49758,1830,1425,5744,1100446,1100446,11,2.44%,1.90%
20200606,TX,73553,1019724,,1940,1822,101339,,,,,48895,1819,1940,29761,1093277,1093277,31,2.47%,2.64%
20200605,TX,71613,989963,,1693,1855,99517,,,,,47865,1788,1693,21328,1061576,1061576,21,2.50%,2.36%
20200604,TX,69920,968635,,1649,1796,97662,,,,,46799,1767,1649,30138,1038555,1038555,33,2.53%,2.36%
20200603,TX,68271,938497,,1703,1487,95866,,,,,45858,1734,1703,18841,1006768,1006768,36,2.54%,2.49%
20200602,TX,66568,919656,,1688,1773,94379,,,,,44517,1698,1688,14505,986224,986224,20,2.55%,2.54%
20200601,TX,64880,905151,,593,1756,92606,,,,,43338,1678,593,17573,970031,970031,6,2.59%,0.91%
20200531,TX,64287,887578,,1949,1684,90850,,,,,42423,1672,1949,21399,951865,951865,46,2.60%,3.03%
20200530,TX,62338,866179,,1332,1752,89166,,,,,40068,1626,1332,33910,928517,928517,0,2.61%,2.14%
20200529,TX,61006,832269,,1230,1701,87414,,,,,40068,1626,1230,18827,893275,893275,25,2.67%,2.02%
20200528,TX,59776,813442,,1855,1692,85713,,,,,38905,1601,1855,15689,873218,873218,39,2.68%,3.10%
20200527,TX,57921,797753,,1361,1645,84021,,,,,37626,1562,1361,33080,855674,855674,26,2.70%,2.35%
20200526,TX,56560,764673,,589,1534,82376,,,,,36375,1536,589,14990,821233,821233,9,2.72%,1.04%
20200525,TX,55971,749683,,623,1511,80842,,,,,35292,1527,623,41486,805654,805654,21,2.73%,1.11%
20200524,TX,55348,708197,,839,1572,79331,,,,,33385,1506,839,0,763545,763545,0,2.72%,1.52%
20200523,TX,54509,708197,,1060,1688,77759,,,,,32277,1506,1060,20284,762706,762706,26,2.76%,1.94%
20200522,TX,53449,687913,,1181,1578,76071,,,,,31223,1480,1181,0,741362,741362,40,2.77%,2.21%
20200521,TX,52268,687913,,945,1680,74493,,,,,30341,1440,945,18308,740181,740181,21,2.76%,1.81%
20200520,TX,51323,669605,,1411,1791,72813,,,,,30341,1419,1411,19371,720928,720928,50,2.76%,2.75%
20200519,TX,49912,650234,,1219,1732,71022,,,,,29359,1369,1219,19082,700146,700146,22,2.74%,2.44%
20200518,TX,48693,631152,,909,1551,69290,,,,,28371,1347,909,28581,679845,679845,11,2.77%,1.87%
20200517,TX,47784,602571,,785,1512,67739,,,,,27570,1336,785,10831,650355,650355,31,2.80%,1.64%
20200516,TX,46999,591740,,1801,1791,66227,,,,,26601,1305,1801,27308,638739,638739,33,2.78%,3.83%
20200515,TX,45198,564432,,1347,1716,64436,,,,,25454,1272,1347,20970,609630,609630,56,2.81%,2.98%
20200514,TX,43851,543462,,1448,1648,62720,,,,,24487,1216,1448,29089,587313,587313,58,2.77%,3.30%
20200513,TX,42403,514373,,1355,1676,61072,,,,,23519,1158,1355,17249,556776,556776,25,2.73%,3.20%
20200512,TX,41048,497124,,1179,1725,59396,,,,,22674,1133,1179,11296,538172,538172,33,2.76%,2.87%
20200511,TX,39869,485828,,1000,1525,57671,,,,,21713,1100,1000,22921,525697,525697,12,2.76%,2.51%
20200510,TX,38869,462907,,1009,1626,56146,,,,,21022,1088,1009,11473,501776,501776,39,2.80%,2.60%
20200509,TX,37860,451434,,1251,1735,54520,,,,,20141,1049,1251,10925,489294,489294,45,2.77%,3.30%
20200508,TX,36609,440509,,1219,1734,52785,,,,,19197,1004,1219,20737,477118,477118,31,2.74%,3.33%
20200507,TX,35390,419772,,968,1750,51051,,,,,18440,973,968,15256,455162,455162,25,2.75%,2.74%
20200506,TX,34422,404516,,1053,1812,49301,,,,,17622,948,1053,10675,438938,438938,42,2.75%,3.06%
20200505,TX,33369,393841,,1037,1888,47489,,,,,16791,906,1037,18775,427210,427210,22,2.72%,3.11%
20200504,TX,32332,375066,,784,1533,45601,,,,,16090,884,784,16054,407398,407398,17,2.73%,2.42%
20200503,TX,31548,359012,,1026,1540,44068,,,,,15544,867,1026,8886,390560,390560,20,2.75%,3.25%
20200502,TX,30522,350126,,1293,1725,42528,,,,,14891,847,1293,27580,380648,380648,31,2.78%,4.24%
20200501,TX,29229,322546,,1142,1778,40803,,,,,14122,816,1142,20333,351775,351775,34,2.79%,3.91%
20200430,TX,28087,302213,,1033,1686,39025,,,,,13353,782,1033,14477,330300,330300,50,2.78%,3.68%
20200429,TX,27054,287736,,883,1702,37339,,,,,12507,732,883,13523,314790,314790,42,2.71%,3.26%
20200428,TX,26171,274213,,874,1682,35637,,,,,11786,690,874,8993,300384,300384,27,2.64%,3.34%
20200427,TX,25297,265220,,666,1563,33955,,,,,11170,663,666,13830,290517,290517,15,2.62%,2.63%
20200426,TX,24631,251390,,858,1542,32392,,,,,10763,648,858,12347,276021,276021,25,2.63%,3.48%
20200425,TX,23773,239043,,967,1597,30850,,,,,9986,623,967,19302,262816,262816,30,2.62%,4.07%
20200424,TX,22806,219741,,862,1674,29253,,,,,9156,593,862,16607,242547,242547,32,2.60%,3.78%
20200423,TX,21944,203134,,875,1649,27579,,,,,8025,561,875,7420,225078,225078,18,2.56%,3.99%
20200422,TX,21069,195714,,873,1678,25930,,,,,7341,543,873,10511,216783,216783,26,2.58%,4.14%
20200421,TX,20196,185203,,738,1419,24252,,,,,6486,517,738,14267,205399,205399,22,2.56%,3.65%
20200420,TX,19458,170936,,535,1411,22833,,,,,5706,495,535,7149,190394,190394,18,2.54%,2.75%
20200419,TX,18923,163787,,663,1471,21422,,,,,5334,477,663,5808,182710,182710,24,2.52%,3.50%
20200418,TX,18260,157979,,889,1321,19951,,,,,4806,453,889,5814,176239,176239,25,2.48%,4.87%
20200417,TX,17371,152165,,916,1522,18630,,,,,4190,428,916,10073,169536,169536,35,2.46%,5.27%
20200416,TX,16455,142092,,963,1459,17108,,,,,3677,393,963,5774,158547,158547,29,2.39%,5.85%
20200415,TX,15492,136318,,868,1538,15649,,,,,3150,364,868,4475,151810,151810,46,2.35%,5.60%
20200414,TX,14624,131843,,718,1409,14111,,,,,2580,318,718,12523,146467,146467,31,2.17%,4.91%
20200413,TX,13906,119320,,422,1176,12702,,,,,2269,287,422,8271,133226,133226,16,2.06%,3.03%
20200412,TX,13484,111049,,923,1338,11526,,,,,2014,271,923,3077,124533,124533,17,2.01%,6.85%
20200411,TX,12561,107972,,890,1514,10188,,,,,1617,254,890,3925,120533,120533,28,2.02%,7.09%
20200410,TX,11671,104047,,1441,1532,8674,,,,,1366,226,1441,8143,115718,115718,27,1.94%,12.35%
20200409,TX,10230,95904,,877,1439,7142,,,,,1101,199,877,8999,106134,106134,22,1.95%,8.57%
20200408,TX,9353,86905,,1091,1491,5703,,,,,38,177,1091,6518,96258,96258,23,1.89%,11.66%
20200407,TX,8262,80387,,986,1252,4212,,,,,38,154,986,2306,88649,88649,14,1.86%,11.93%
20200406,TX,7276,78081,,464,1153,2960,,,,,38,140,464,13955,85357,85357,13,1.92%,6.38%
20200405,TX,6812,64126,,702,827,1807,,,,,38,127,702,6485,70938,70938,22,1.86%,10.31%
20200404,TX,6110,57641,,780,196,980,,,,,38,105,780,7207,63751,63751,15,1.72%,12.77%
20200403,TX,5330,50434,,661,196,784,,,,,38,90,661,4424,55764,55764,20,1.69%,12.40%
20200402,TX,4669,46010,,672,196,588,,,,,38,70,672,2150,50679,50679,12,1.50%,14.39%
20200401,TX,3997,43860,,731,196,392,,,,,38,58,731,4134,47857,47857,17,1.45%,18.29%
20200331,TX,3266,39726,,389,196,196,,,,,38,41,389,6723,42992,42992,7,1.26%,11.91%
20200330,TX,2877,33003,,325,,0,,,,,38,34,325,9795,35880,35880,0,1.18%,11.30%
20200329,TX,2552,23208,,500,,0,,,,,,34,500,0,25760,25760,7,1.33%,19.59%
20200328,TX,2052,23208,,321,,0,,,,,,27,321,1273,25260,25260,4,1.32%,15.64%
20200327,TX,1731,21935,,335,,0,,,,,,23,335,1907,23666,23666,5,1.33%,19.35%
20200326,TX,1396,20028,,422,,0,,,,,,18,422,7508,21424,21424,6,1.29%,30.23%
20200325,TX,974,12520,,564,,0,,,,,,12,564,1763,13494,13494,3,1.23%,57.91%
20200324,TX,410,10757,,58,,0,,,,,,9,58,1054,11167,11167,1,2.20%,14.15%
20200323,TX,352,9703,,18,,0,,,,,,8,18,1281,10055,10055,3,2.27%,5.11%
20200322,TX,334,8422,,30,,0,,,,,,5,30,2204,8756,8756,0,1.50%,8.98%
20200321,TX,304,6218,,110,,0,,,,,,5,110,1135,6522,6522,0,1.64%,36.18%
20200320,TX,194,5083,,51,,0,,,,,,5,51,2871,5277,5277,2,2.58%,26.29%
20200319,TX,143,2212,,60,,0,,,,,,3,60,388,2355,2355,1,2.10%,41.96%
20200318,TX,83,1824,,19,,0,,,,,,2,19,620,1907,1907,1,2.41%,22.89%
20200317,TX,64,1204,,7,,0,,,,,,1,7,1204,1268,1268,1,1.56%,10.94%
20200316,TX,57,,,1,,0,,,,,,,1,0,57,57,0,0.00%,1.75%
20200315,TX,56,,,5,,0,,,,,,,5,0,56,56,0,0.00%,8.93%
20200314,TX,51,,,12,,0,,,,,,,12,0,51,51,0,0.00%,23.53%
20200313,TX,39,,,16,,0,,,,,,,16,0,39,39,0,0.00%,41.03%
20200312,TX,23,,,2,,0,,,,,,,2,0,23,23,0,0.00%,8.70%
20200311,TX,21,,,8,,0,,,,,,,8,0,21,21,0,0.00%,38.10%
20200310,TX,13,,,1,,0,,,,,,,1,0,13,13,0,0.00%,7.69%
20200309,TX,12,,,4,,0,,,,,,,4,0,12,12,0,0.00%,33.33%
20200308,TX,8,,,0,,0,,,,,,,0,0,8,8,0,0.00%,0.00%
20200307,TX,8,,,3,,0,,,,,,,3,0,8,8,0,0.00%,37.50%
20200306,TX,5,,,4,,0,,,,,,,4,0,5,5,0,0.00%,80.00%
20200305,TX,1,,,0,,0,,,,,,,0,0,1,1,0,0.00%,0.00%
20200304,TX,1,,,1,,0,,,,,,,0,0,1,1,0,0.00%,100.00%
20200719,FL,350047,2652594,2406,12478,9363,21309,,,,,,5091,89,1.45%,3.56%
20200718,FL,337569,2594419,2320,10328,9144,20969,,,,,,5002,90,1.48%,3.06%
20200717,FL,327241,2553527,2250,11466,8961,20526,,,,,,4912,130,1.50%,3.50%
20200716,FL,315775,2499843,2163,13965,9112,20154,,,,,,4782,156,1.51%,4.42%
20200715,FL,301810,2434143,2189,10181,8217,19659,,,,,,4626,112,1.53%,3.37%
20200714,FL,291629,2393614,387,9194,8354,19201,,,,,,4514,133,1.55%,3.15%
20200713,FL,282435,2357139,1995,12624,8051,18817,,,,,,4381,35,1.55%,4.47%
20200712,FL,269811,2304196,2096,15300,7542,18590,,,,,,4346,45,1.61%,5.67%
20200711,FL,254511,2220788,2040,10360,7186,18341,,,,,,4301,98,1.69%,4.07%
20200710,FL,244151,2177476,1911,11433,6974,17916,,,,,,4203,92,1.72%,4.68%
20200709,FL,232718,2124680,1896,8935,,17479,,,,,,4111,120,1.77%,3.84%
20200708,FL,223783,2096424,1773,9989,,17068,,,,,,3991,48,1.78%,4.46%
20200707,FL,213794,2055400,1604,7347,,16733,,,,,,3943,63,1.84%,3.44%
20200706,FL,206447,2027493,1516,6336,,16352,,,,,,3880,48,1.88%,3.07%
20200705,FL,200111,2000088,1508,10059,,16201,,,,,,3832,29,1.91%,5.03%
20200704,FL,190052,1956445,1672,11458,,16040,,,,,,3803,18,2.00%,6.03%
20200703,FL,178594,1902766,1717,9488,,15795,,,,,,3785,67,2.12%,5.31%
20200702,FL,169106,1863077,1683,10109,,15454,,,,,,3718,68,2.20%,5.98%
20200701,FL,158997,1821357,2094,6563,,15125,,,,,,3650,46,2.30%,4.13%
20200630,FL,152434,1792561,1904,6093,,14879,,,,,,3604,58,2.36%,4.00%
20200629,FL,146341,1766402,1744,5266,,14651,,,,,,3546,28,2.42%,3.60%
20200628,FL,141075,1740822,1726,8530,,14540,,,,,,3518,29,2.49%,6.05%
20200627,FL,132545,1696980,1731,9585,,14432,,,,,,3489,25,2.63%,7.23%
20200626,FL,122960,1645925,1752,8942,,14281,,,,,,3464,41,2.82%,7.27%
20200625,FL,114018,1606626,1675,5004,,14068,,,,,,3423,46,3.00%,4.39%
20200624,FL,109014,1559328,1535,5511,,13865,,,,,,3377,44,3.10%,5.06%
20200623,FL,103503,1537249,1425,3286,,13614,,,,,,3333,67,3.22%,3.17%
20200622,FL,100217,1517270,1546,2926,,13407,,,,,,3266,12,3.26%,2.92%
20200621,FL,97291,1502005,1625,3494,,13325,,,,,,3254,17,3.34%,3.59%
20200620,FL,93797,1467475,1630,4049,,13227,,,,,,3237,40,3.45%,4.32%
20200619,FL,89748,1443123,1578,3822,,13062,,,,,,3197,43,3.56%,4.26%
20200618,FL,85926,1425386,1457,3207,,12862,,,,,,3154,44,3.67%,3.73%
20200617,FL,82719,1403040,1240,2610,,12673,,,,,,3110,25,3.76%,3.16%
20200616,FL,80109,1380200,1150,2783,,12489,,,,,,3085,55,3.85%,3.47%
20200615,FL,77326,1352858,1167,1758,,12298,,,,,,3030,8,3.92%,2.27%
20200614,FL,75568,1333447,1184,2016,,12224,,,,,,3022,6,4.00%,2.67%
20200613,FL,73552,1296861,1241,2581,,12155,,,,,,3016,49,4.10%,3.51%
20200612,FL,70971,1264928,1242,1902,,11986,,,,,,2967,29,4.18%,2.68%
20200611,FL,69069,1237679,1242,1698,,11850,,,,,,2938,49,4.25%,2.46%
20200610,FL,67371,1211652,1134,1371,,11621,,,,,,2889,38,4.29%,2.04%
20200609,FL,66000,1192305,1100,1096,,11460,,,,,,2851,53,4.32%,1.66%
20200608,FL,64904,1169646,1024,966,,11282,,,,,,2798,12,4.31%,1.49%
20200607,FL,63938,1152220,1161,1180,,11215,,,,,,2786,13,4.36%,1.85%
20200606,FL,62758,1111427,1265,1270,,11163,,,,,,2773,28,4.42%,2.02%
20200605,FL,61488,1073452,1193,1305,,11066,,,,,,2745,54,4.46%,2.12%
20200604,FL,60183,1046860,1221,1419,,10923,,,,,,2691,41,4.47%,2.36%
20200603,FL,58764,1022149,1191,1317,,10796,,,,,,2650,37,4.51%,2.24%
20200602,FL,57447,992305,1206,617,,10678,,,,,,2613,70,4.55%,1.07%
20200601,FL,56830,983570,1160,667,,10494,,,,,,2543,9,4.47%,1.17%
20200531,FL,56163,965186,1332,739,,10453,,,,,,2534,4,4.51%,1.32%
20200530,FL,55424,939544,0,927,,10375,,,,,,2530,35,4.56%,1.67%
20200529,FL,54497,928742,1308,1212,,10243,,,,,,2495,49,4.58%,2.22%
20200528,FL,53285,898331,1158,651,,10056,,,,,,2446,46,4.59%,1.22%
20200527,FL,52634,880937,955,379,,9899,,,,,,2400,62,4.56%,0.72%
20200526,FL,52255,870969,901,509,,9740,,,,,,2338,7,4.47%,0.97%
20200525,FL,51746,856489,988,879,,9681,,,,,,2331,15,4.50%,1.70%
20200524,FL,50867,820368,1337,740,,9638,,,,,,2316,4,4.55%,1.45%
20200523,FL,50127,806310,1563,676,,9567,,,,,,2312,44,4.61%,1.35%
20200522,FL,49451,786045,1487,776,,9372,,,,,,2268,46,4.59%,1.57%
20200521,FL,48675,765254,1471,1204,,9200,,,,,,2222,49,4.56%,2.47%
20200520,FL,47471,723877,1357,527,,8934,,,,,,2173,44,4.58%,1.11%
20200519,FL,46944,668911,1369,502,,8744,,,,,,2129,56,4.54%,1.07%
20200518,FL,46442,629970,1346,854,,8553,,,,,,2073,24,4.46%,1.84%
20200517,FL,45588,606204,1479,777,,8478,,,,,,2049,9,4.49%,1.70%
20200516,FL,44811,585236,1676,1601,,8393,,,,,,2040,49,4.55%,3.57%
20200515,FL,43210,565627,1228,0,,7993,,,,,,1991,43,4.61%,0.00%
20200514,FL,43210,565627,1228,808,,7993,,,,,,1948,50,4.51%,1.87%
20200513,FL,42402,552361,1191,479,,7835,,,,,,1898,49,4.48%,1.13%
20200512,FL,41923,537681,1064,941,,7654,,,,,,1849,44,4.41%,2.24%
20200511,FL,40982,520075,1080,386,,7458,,,,,,1805,14,4.40%,0.94%
20200510,FL,40596,498352,1265,595,,7404,,,,,,1791,6,4.41%,1.47%
20200509,FL,40001,487730,1452,802,,7325,,,,,,1785,47,4.46%,2.00%
20200508,FL,39199,474142,1433,371,,7157,,,,,,1738,71,4.43%,0.95%
20200507,FL,38828,454122,1499,826,,6990,,,,,,1667,62,4.29%,2.13%
20200506,FL,38002,442049,1351,563,,6776,,,,,,1605,69,4.22%,1.48%
20200505,FL,37439,428252,1265,542,,6546,,,,,,1536,113,4.10%,1.45%
20200504,FL,36897,407373,1181,819,,6329,,,,,,1423,20,3.86%,2.22%
20200503,FL,36078,392111,1226,615,,6244,,,,,,1403,15,3.89%,1.70%
20200502,FL,35463,380549,,735,,5945,,,,,,1388,74,3.91%,2.07%
20200501,FL,34728,367971,,1038,,5795,,,,,,1314,24,3.78%,2.99%
20200430,FL,33690,348715,1187,497,,5795,,,,,,1290,50,3.83%,1.48%
20200429,FL,33193,340295,1252,347,,5624,,,,,,1240,86,3.74%,1.05%
20200428,FL,32846,334029,1216,708,,5266,,,,,,1154,53,3.51%,2.16%
20200427,FL,32138,324325,1099,610,,5211,,,,,,1101,7,3.43%,1.90%
20200426,FL,31528,313085,1183,689,,5155,,,,,,1094,19,3.47%,2.19%
20200425,FL,30839,302260,1292,665,,5045,,,,,,1075,44,3.49%,2.16%
20200424,FL,30174,286785,1287,1342,,4888,,,,,,1031,52,3.42%,4.45%
20200423,FL,28832,267876,1301,523,,4693,,,,,,979,69,3.40%,1.81%
20200422,FL,28309,260318,1258,814,,4469,,,,,,910,54,3.21%,2.88%
20200421,FL,27495,249564,1203,835,,4235,,,,,,856,50,3.11%,3.04%
20200420,FL,26660,239565,1104,664,,4010,,,,,,806,25,3.02%,2.49%
20200419,FL,25996,230083,1179,727,,3930,,,,,,781,27,3.00%,2.80%
20200418,FL,25269,221258,0,1150,,3842,,,,,,754,55,2.98%,4.55%
20200417,FL,24119,210718,1285,1222,,3665,,,,,,699,53,2.90%,5.07%
20200416,FL,22897,196351,1325,386,,3460,,,,,,646,37,2.82%,1.69%
20200415,FL,22511,190998,1335,1144,,3344,,,,,,609,72,2.71%,5.08%
20200414,FL,21367,181813,1275,766,,3060,,,,,,537,54,2.51%,3.58%
20200413,FL,20601,175606,1789,1246,,2833,,,,,,483,18,2.34%,6.05%
20200412,FL,19355,163398,1297,861,,2772,,,,,,465,27,2.40%,4.45%
20200411,FL,18494,154439,1418,963,,2661,,,,,,438,48,2.37%,5.21%
20200410,FL,17531,145299,1411,1167,,2487,,,,,,390,36,2.22%,6.66%
20200409,FL,16364,136185,1395,909,,2268,,,,,,354,45,2.16%,5.55%
20200408,FL,15455,127679,1324,708,,2062,,,,,,309,13,2.00%,4.58%
20200407,FL,14747,123415,1407,1423,,1999,,,,,,296,60,2.01%,9.65%
20200406,FL,13324,109950,1142,1173,,1682,,,,,,236,18,1.77%,8.80%
20200405,FL,12151,101253,1129,1040,,1572,,,,,,218,27,1.79%,8.56%
20200404,FL,11111,90956,1281,1526,,1462,,,,,,191,28,1.72%,13.73%
20200403,FL,9585,82137,1225,1575,,1287,,,,,,163,35,1.70%,16.43%
20200402,FL,8010,69286,1285,1055,,1123,,,,,,128,41,1.60%,13.17%
20200401,FL,6955,59529,1235,617,,949,,,,,,87,10,1.25%,8.87%
20200331,FL,6338,54285,1163,865,,823,,,,,,77,14,1.21%,13.65%
20200330,FL,5473,48225,,1227,,652,,,,,,63,7,1.15%,22.42%
20200329,FL,4246,39070,,483,,594,,,,,,56,2,1.32%,11.38%
20200328,FL,3763,35366,,998,,526,,,,,,54,20,1.44%,26.52%
20200327,FL,2765,28186,1517,410,,456,,,,,,34,6,1.23%,14.83%
20200326,FL,2355,23741,1443,673,,406,,,,,,28,6,1.19%,28.58%
20200325,FL,1682,15374,1233,270,,316,,,,,,22,4,1.31%,16.05%
20200324,FL,1412,13127,1008,241,,259,,,,,,18,4,1.27%,17.07%
20200323,FL,1171,11063,860,341,,217,,,,,,14,1,1.20%,29.12%
20200322,FL,830,7990,963,172,,185,,,,,,13,1,1.57%,20.72%
20200321,FL,658,6579,1002,138,,158,,,,,,12,2,1.82%,20.97%
20200320,FL,520,1870,1026,130,,,,,,,,10,2,1.92%,25.00%
20200319,FL,390,1533,1019,76,,,,,,,,8,1,2.05%,19.49%
20200318,FL,314,1225,954,128,,,,,,,,7,1,2.23%,40.76%
20200317,FL,186,940,872,45,,,,,,,,6,2,3.23%,24.19%
20200316,FL,141,684,514,25,,,,,,,,4,0,2.84%,17.73%
20200315,FL,116,678,454,39,,,,,,,,4,1,3.45%,33.62%
20200314,FL,77,478,221,27,,,,,,,,3,1,3.90%,35.06%
20200313,FL,50,478,221,18,,,,,,,,2,0,4.00%,36.00%
20200312,FL,32,301,147,4,,,,,,,,2,0,6.25%,12.50%
20200311,FL,28,301,147,9,,,,,,,,2,2,7.14%,32.14%
20200310,FL,19,222,155,1,,,,,,,,,0,0.00%,5.26%
20200309,FL,18,140,115,1,,,,,,,,,0,0.00%,5.56%
20200308,FL,17,118,108,3,,,,,,,,,0,0.00%,17.65%
20200307,FL,14,100,88,5,,,,,,,,,0,0.00%,35.71%
20200306,FL,9,55,51,0,,,,,,,,,0,0.00%,0.00%
20200305,FL,9,31,69,7,,,,,,,,,0,0.00%,77.78%
20200304,FL,2,24,16,2,,,,,,,,,0,0.00%,100.00%
