20201028,"PA",200674,2269246,2228,1187,,,,114,,154518,8718,2228,22,4.34%,1.11%
20201027,"PA",198446,2254523,2751,1170,,,,110,,152803,8696,2751,23,4.38%,1.39%
20201026,"PA",195695,2241430,1407,1138,,,,108,,152642,8673,1407,7,4.43%,0.72%
20201025,"PA",194288,2229977,1666,1104,,,,115,,150245,8666,1666,12,4.46%,0.86%
20201024,"PA",192622,2215057,2043,1087,,,,126,,150245,8654,2043,29,4.49%,1.06%
20201023,"PA",190579,2200868,2219,1068,,,,122,,148651,8625,2219,33,4.53%,1.16%
20201022,"PA",188360,2185079,2063,1042,,,,110,,148804,8592,2063,30,4.56%,1.10%
20201021,"PA",186297,2167536,1425,966,,,,104,,147174,8562,1425,29,4.60%,0.76%
20201020,"PA",184872,2155639,1557,918,,,,94,,146048,8533,1557,33,4.62%,0.84%
20201019,"PA",183315,2143966,1103,870,,,,89,,146652,8500,1103,8,4.64%,0.60%
20201018,"PA",182212,2132651,1269,841,,,,93,,144754,8492,1269,26,4.66%,0.70%
20201017,"PA",180943,2119850,1857,847,,,,92,,144754,8466,1857,9,4.68%,1.03%
20201016,"PA",179086,2103044,1566,830,,,,80,,143268,8457,1566,25,4.72%,0.87%
20201015,"PA",177520,2089197,1598,799,,,,94,,142016,8432,1598,21,4.75%,0.90%
20201014,"PA",175922,2074729,1276,749,,,,91,,140737,8411,1276,27,4.78%,0.73%
20201013,"PA",174646,2060093,1342,773,,,,83,,139716,8384,1342,16,4.80%,0.77%
20201012,"PA",173304,2044706,1088,725,,,,81,,140376,8368,1088,18,4.83%,0.63%
20201011,"PA",172216,2033645,1166,706,,,,90,,138550,8350,1166,6,4.85%,0.68%
20201010,"PA",171050,2019440,1742,732,,,,94,,138550,8344,1742,36,4.88%,1.02%
20201009,"PA",169308,1999765,1380,734,,,,92,,137139,8308,1380,9,4.91%,0.82%
20201008,"PA",167928,1985103,1376,687,,,,76,,136021,8299,1376,27,4.94%,0.82%
20201007,"PA",166552,1967542,1309,657,,,,80,,134907,8272,1309,28,4.97%,0.79%
20201006,"PA",165243,1951992,1036,633,,,,74,,135499,8244,1036,17,4.99%,0.63%
20201005,"PA",164207,1940952,672,594,,,,75,,134649,8227,672,11,5.01%,0.41%
20201004,"PA",163535,1931635,2251,603,,,,70,,134098,8216,2251,17,5.02%,1.38%
20201003,"PA",161284,1904971,0,573,,,,64,,132252,8199,0,20,5.08%,0.00%
20201002,"PA",161284,1904971,1161,561,,,,63,,132252,8179,1161,19,5.07%,0.72%
20201001,"PA",160123,1889639,1156,558,,,,60,,131300,8160,1156,18,5.10%,0.72%
20200930,"PA",158967,1879127,1153,539,,,,66,,130352,8142,1153,19,5.12%,0.73%
20200929,"PA",157814,1866761,988,507,,,,63,,127829,8123,988,16,5.15%,0.63%
20200928,"PA",156826,1855491,676,481,,,,64,,128597,8107,676,1,5.17%,0.43%
20200927,"PA",156150,1845070,918,462,,,,56,,127290,8106,918,3,5.19%,0.59%
20200926,"PA",155232,1830292,1029,444,,,,60,,127290,8103,1029,22,5.22%,0.66%
20200925,"PA",154203,1816397,806,435,,,,58,,126446,8081,806,2,5.24%,0.52%
20200924,"PA",153397,1803470,853,422,,,,53,,125785,8079,853,17,5.27%,0.56%
20200923,"PA",152544,1790412,898,421,,,,54,,123560,8062,898,39,5.29%,0.59%
20200922,"PA",151646,1777916,834,429,,,,58,,122833,8023,834,19,5.29%,0.55%
20200921,"PA",150812,1767181,234,418,,,,59,,123665,8004,234,23,5.31%,0.16%
20200920,"PA",150578,1758332,733,400,,,,49,,122872,7981,733,25,5.30%,0.49%
20200919,"PA",149845,1746280,1162,470,,,,47,,122872,7956,1162,22,5.31%,0.78%
20200918,"PA",148683,1732805,760,521,,,,50,,121920,7934,760,21,5.34%,0.51%
20200917,"PA",147923,1721275,933,459,,,,54,,121296,7913,933,10,5.35%,0.63%
20200916,"PA",146990,1708131,776,488,,,,60,,120531,7903,776,28,5.38%,0.53%
20200915,"PA",146214,1695284,1151,483,,,,61,,119895,7875,1151,6,5.39%,0.79%
20200914,"PA",145063,1684609,1182,472,,,,59,,118951,7869,1182,32,5.42%,0.81%
20200913,"PA",143881,1664000,76,463,,,,60,,117920,7837,76,0,5.45%,0.05%
20200912,"PA",143805,1664000,920,470,,,,63,,117920,7837,920,0,5.45%,0.64%
20200911,"PA",142885,1652028,1008,491,,,,64,,117165,7837,1008,17,5.48%,0.71%
20200910,"PA",141877,1639349,587,488,,,,60,,116339,7820,587,15,5.51%,0.41%
20200909,"PA",141290,1625640,931,492,,,,60,,115857,7805,931,14,5.52%,0.66%
20200908,"PA",140359,1614717,496,514,,,,63,,113690,7791,496,11,5.55%,0.35%
20200907,"PA",139863,1608378,547,496,,,,57,,114687,7780,547,20,5.56%,0.39%
20200906,"PA",139316,1599299,691,490,,,,64,,114239,7760,691,0,5.57%,0.50%
20200905,"PA",138625,1589081,963,505,,,,66,,112286,7760,963,18,5.60%,0.69%
20200904,"PA",137662,1576879,891,497,,,,66,,112882,7742,891,10,5.62%,0.65%
20200903,"PA",136771,1565443,1160,530,,,,70,,110784,7732,1160,20,5.65%,0.85%
20200902,"PA",135611,1552085,816,550,,,,67,,111201,7712,816,21,5.69%,0.60%
20200901,"PA",134795,1539969,770,528,,,,73,,109183,7691,770,18,5.71%,0.57%
20200831,"PA",134025,1524195,521,505,,,,78,,109900,7673,521,0,5.73%,0.39%
20200830,"PA",133504,1515899,670,499,,,,72,,109473,7673,670,2,5.75%,0.50%
20200829,"PA",132834,1504108,843,509,,,,78,,108923,7671,843,16,5.77%,0.63%
20200828,"PA",131991,1488835,835,526,,,,80,,106912,7655,835,20,5.80%,0.63%
20200827,"PA",131156,1471765,620,542,,,,82,,106236,7635,620,11,5.82%,0.47%
20200826,"PA",130536,1457642,501,537,,,,80,,105734,7624,501,19,5.84%,0.38%
20200825,"PA",130035,1445170,561,543,,,,82,,105328,7605,561,26,5.85%,0.43%
20200824,"PA",129474,1433364,426,518,,,,71,,104873,7579,426,1,5.85%,0.33%
20200823,"PA",129048,1423972,619,501,,,,75,,103238,7578,619,2,5.87%,0.48%
20200822,"PA",128429,1412124,796,487,,,,84,,102743,7576,796,18,5.90%,0.62%
20200821,"PA",127633,1399509,693,510,,,,93,,102106,7558,693,20,5.92%,0.54%
20200820,"PA",126940,1386071,791,548,,,,94,,101552,7538,791,15,5.94%,0.62%
20200819,"PA",126149,1368318,570,548,,,,94,,99657,7523,570,24,5.96%,0.45%
20200818,"PA",125579,1353987,735,548,,,,94,,99207,7499,735,31,5.97%,0.59%
20200817,"PA",124844,1342475,384,560,,,,95,,98626,7468,384,0,5.98%,0.31%
20200816,"PA",124460,1332403,660,559,,,,99,,98323,7468,660,3,6.00%,0.53%
20200815,"PA",123800,1319884,850,572,,,,99,,96564,7465,850,20,6.03%,0.69%
20200814,"PA",122950,1304739,829,585,,,,103,,95901,7445,829,36,6.06%,0.67%
20200813,"PA",122121,1288873,991,601,,,,99,,95254,7409,991,24,6.07%,0.81%
20200812,"PA",121130,1271976,849,606,,,,96,,94481,7385,849,33,6.10%,0.70%
20200811,"PA",120281,1255313,828,598,,,,98,,92616,7352,828,35,6.11%,0.69%
20200810,"PA",119453,1240830,601,591,,,,108,,91978,7317,601,3,6.13%,0.50%
20200809,"PA",118852,1228358,760,600,,,,103,,90930,7314,760,1,6.15%,0.64%
20200808,"PA",118092,1214965,813,634,,,,106,,90930,7313,813,16,6.19%,0.69%
20200807,"PA",117279,1199620,758,651,,,,99,,90304,7297,758,15,6.22%,0.65%
20200806,"PA",116521,1183730,807,663,,,,98,,88555,7282,807,38,6.25%,0.69%
20200805,"PA",115714,1169011,705,639,,,,102,,87942,7244,705,12,6.26%,0.61%
20200804,"PA",115009,1156520,854,656,,,,100,,86256,7232,854,23,6.29%,0.74%
20200803,"PA",114155,1142414,565,585,,,,103,,86757,7209,565,0,6.32%,0.49%
20200802,"PA",113590,1130979,654,564,,,,90,,86328,7209,654,5,6.35%,0.58%
20200801,"PA",112936,1119386,888,579,,,,89,,85831,7204,888,15,6.38%,0.79%
20200731,"PA",112048,1104824,970,522,,,,89,,84036,7189,970,13,6.42%,0.87%
20200730,"PA",111078,1088859,860,756,,,,109,,83308,7176,860,14,6.46%,0.77%
20200729,"PA",110218,1073863,834,756,,,,109,,82663,7162,834,16,6.50%,0.76%
20200728,"PA",109384,1059776,1120,716,,,,98,,82038,7146,1120,24,6.53%,1.02%
20200727,"PA",108264,1042424,839,704,,,,98,,81198,7122,839,4,6.58%,0.77%
20200726,"PA",107425,1028776,800,707,,,,104,,80568,7118,800,4,6.63%,0.74%
20200725,"PA",106625,1016705,1054,709,,,,102,,79968,7114,1054,13,6.67%,0.99%
20200724,"PA",105571,999377,1213,736,,,,96,,79178,7101,1213,22,6.73%,1.15%
20200723,"PA",104358,981259,962,736,,,,96,,78268,7079,962,16,6.78%,0.92%
20200722,"PA",103396,968081,631,735,,,,100,,77547,7063,631,25,6.83%,0.61%
20200721,"PA",102765,952998,1027,736,,,,98,,77073,7038,1027,20,6.85%,1.00%
20200720,"PA",101738,938175,711,706,,,,98,,76780,7018,711,3,6.90%,0.70%
20200719,"PA",101027,926352,786,703,,,,96,,76780,7015,786,8,6.94%,0.78%
20200718,"PA",100241,912486,763,699,,,,93,,76183,7007,763,15,6.99%,0.76%
20200717,"PA",99478,899912,1032,680,,,,98,,75603,6992,1032,19,7.03%,1.04%
20200716,"PA",98446,885195,781,652,,,,95,,74818,6973,781,16,7.08%,0.79%
20200715,"PA",97665,870984,994,667,,,,92,,74436,6957,994,26,7.12%,1.02%
20200714,"PA",96671,850612,929,678,,,,95,,74436,6931,929,20,7.17%,0.96%
20200713,"PA",95742,835732,476,682,,,,96,,73721,6911,476,7,7.22%,0.50%
20200712,"PA",95266,829018,577,652,,,,96,,73354,6904,577,7,7.25%,0.61%
20200711,"PA",94689,817634,813,646,,,,97,,72910,6897,813,17,7.28%,0.86%
20200710,"PA",93876,804764,1009,653,,,,103,,72284,6880,1009,32,7.33%,1.07%
20200709,"PA",92867,787156,719,650,,,,102,,71507,6848,719,36,7.37%,0.77%
20200708,"PA",92148,774378,849,649,,,,104,,70953,6812,849,25,7.39%,0.92%
20200707,"PA",91299,758803,995,637,,,,101,,70437,6787,995,33,7.43%,1.09%
20200706,"PA",90304,743020,450,598,,,,107,,70437,6754,450,1,7.48%,0.50%
20200705,"PA",89854,734846,479,592,,,,106,,70086,6753,479,4,7.52%,0.53%
20200704,"PA",89375,725448,634,589,,,,102,,69712,6749,634,3,7.55%,0.71%
20200703,"PA",88741,715403,667,598,,,,105,,69217,6746,667,34,7.60%,0.75%
20200702,"PA",88074,702199,832,631,,,,106,,68697,6712,832,63,7.62%,0.94%
20200701,"PA",87242,689562,636,632,,,,111,,68048,6649,636,0,7.62%,0.73%
20200630,"PA",86606,677581,618,634,,,,110,,67552,6649,618,35,7.68%,0.71%
20200629,"PA",85988,666901,492,635,,,,111,,67070,6614,492,35,7.69%,0.57%
20200628,"PA",85496,657486,1126,648,,,,121,,66686,6579,1126,0,7.70%,1.32%
20200627,"PA",84370,634711,0,651,,,,126,,65808,6579,0,0,7.80%,0.00%
20200626,"PA",84370,634711,600,661,,,,131,,65808,6579,600,22,7.80%,0.71%
20200625,"PA",83770,621031,579,704,,,,142,,65340,6557,579,39,7.83%,0.69%
20200624,"PA",83191,608217,495,707,,,,136,,64502,6518,495,54,7.83%,0.60%
20200623,"PA",82696,596407,510,738,,,,151,,64502,6464,510,38,7.82%,0.62%
20200622,"PA",82186,585662,456,745,,,,156,,64105,6426,456,3,7.82%,0.55%
20200621,"PA",81730,576015,464,735,,,,157,,62932,6423,464,4,7.86%,0.57%
20200620,"PA",81266,566461,504,715,,,,161,,62574,6419,504,20,7.90%,0.62%
20200619,"PA",80762,556456,526,731,,,,169,,62186,6399,526,38,7.92%,0.65%
20200618,"PA",80236,543832,418,740,,,,170,,60979,6361,418,42,7.93%,0.52%
20200617,"PA",79818,533013,335,788,,,,179,,59863,6319,335,43,7.92%,0.42%
20200616,"PA",79483,523609,362,800,,,,179,,59612,6276,362,33,7.90%,0.46%
20200615,"PA",79121,513909,323,851,,,,178,,58549,6243,323,28,7.89%,0.41%
20200614,"PA",78798,504435,336,852,,,,189,,58310,6215,336,4,7.89%,0.43%
20200613,"PA",78462,496589,463,875,,,,192,,58061,6211,463,49,7.92%,0.59%
20200612,"PA",77999,488385,66,899,,,,202,,56939,6162,66,49,7.90%,0.08%
20200611,"PA",77933,476439,467,946,,,,215,,55665,6113,467,51,7.84%,0.60%
20200610,"PA",77466,466964,410,992,,,,218,,54560,6062,410,48,7.83%,0.53%
20200609,"PA",77056,459248,493,1032,,,,237,,53670,6014,493,61,7.80%,0.64%
20200608,"PA",76563,451387,351,1174,,,,268,,53670,5953,351,10,7.78%,0.46%
20200607,"PA",76212,444173,506,1174,,,,268,,53670,5943,506,12,7.80%,0.66%
20200606,"PA",75706,435122,701,1174,,,,268,,52560,5931,701,45,7.83%,0.93%
20200605,"PA",75005,424201,445,1174,,,,268,,52069,5886,445,69,7.85%,0.59%
20200604,"PA",74560,416942,538,1174,,,,268,,51019,5817,538,76,7.80%,0.72%
20200603,"PA",74022,401369,512,1164,,,,269,,49915,5741,512,74,7.76%,0.69%
20200602,"PA",73510,399361,612,1302,,,,283,,48838,5667,612,100,7.71%,0.83%
20200601,"PA",72898,389431,352,1302,,,,287,,48428,5567,352,12,7.64%,0.48%
20200531,"PA",72546,383111,515,1352,,,,296,,48190,5555,515,18,7.66%,0.71%
20200530,"PA",72031,375741,692,1352,,,,295,,47133,5537,692,73,7.69%,0.96%
20200529,"PA",71339,366970,1297,1445,,,,313,,46370,5464,1297,91,7.66%,1.82%
20200528,"PA",70042,357804,625,1476,,,,321,,44826,5373,625,108,7.67%,0.89%
20200527,"PA",69417,349990,780,1493,,,,351,,43038,5265,780,113,7.58%,1.12%
20200526,"PA",68637,339835,451,1493,,,,334,,41868,5152,451,13,7.51%,0.66%
20200525,"PA",68186,334928,473,1628,,,,324,,40911,5139,473,15,7.54%,0.69%
20200524,"PA",67713,328382,730,1533,,,,336,,40627,5124,730,28,7.57%,1.08%
20200523,"PA",66983,321469,725,1560,,,,348,,39519,5096,725,112,7.61%,1.08%
20200522,"PA",66258,312743,866,1580,,,,368,,37767,4984,866,115,7.52%,1.31%
20200521,"PA",65392,303514,1726,1654,,,,361,,,4869,1726,245,7.45%,2.64%
20200520,"PA",63666,286034,0,1818,,,,377,,,4624,0,0,7.26%,0.00%
20200519,"PA",63666,286034,610,1861,,,,380,,,4624,610,119,7.26%,0.96%
20200518,"PA",63056,277553,822,1885,,,,397,,,4505,822,87,7.14%,1.30%
20200517,"PA",62234,270670,623,1821,,,,422,,,4418,623,15,7.10%,1.00%
20200516,"PA",61611,266225,989,1873,,,,429,,,4403,989,61,7.15%,1.61%
20200515,"PA",60622,259210,986,1934,,,,431,,,4342,986,124,7.16%,1.63%
20200514,"PA",59636,251559,938,1983,,,,446,,,4218,938,275,7.07%,1.57%
20200513,"PA",58698,244171,707,2012,,,,473,,,3943,707,137,6.72%,1.20%
20200512,"PA",57991,237989,837,2187,,,,497,,,3806,837,75,6.56%,1.44%
20200511,"PA",57154,231704,543,2176,,,,497,,,3731,543,24,6.53%,0.95%
20200510,"PA",56611,227772,1295,2230,,,,501,,,3707,1295,19,6.55%,2.29%
20200509,"PA",55316,221791,1078,2285,,,,502,,,3688,1078,72,6.67%,1.95%
20200508,"PA",54238,216321,1323,2342,,,,517,,,3616,1323,200,6.67%,2.44%
20200507,"PA",52915,209873,1070,2420,,,,539,,,3416,1070,310,6.46%,2.02%
20200506,"PA",51845,204495,888,2545,,,,560,,,3106,888,94,5.99%,1.71%
20200505,"PA",50957,199925,865,2580,,,,550,,,3012,865,554,5.91%,1.70%
20200504,"PA",50092,195498,825,2708,,,,573,,,2458,825,14,4.91%,1.65%
20200503,"PA",49267,191374,962,2645,,,,562,,,2444,962,26,4.96%,1.95%
20200502,"PA",48305,187071,1334,2673,,,,571,,,2418,1334,64,5.01%,2.76%
20200501,"PA",46971,180477,1208,2683,,,,590,,,2354,1208,62,5.01%,2.57%
20200430,"PA",45763,175602,1397,2707,,,,556,,,2292,1397,97,5.01%,3.05%
20200429,"PA",44366,170517,1102,2781,,,,602,,,2195,1102,479,4.95%,2.48%
20200428,"PA",43264,165824,1214,2781,,,,616,,,1716,1214,119,3.97%,2.81%
20200427,"PA",42050,161372,885,2800,,,,629,,,1597,885,47,3.80%,2.10%
20200426,"PA",41165,157428,1116,2736,,,,632,,,1550,1116,13,3.77%,2.71%
20200425,"PA",40049,152886,1397,2748,,,,640,,,1537,1397,45,3.84%,3.49%
20200424,"PA",38652,147491,1599,2746,,,,679,,,1492,1599,71,3.86%,4.14%
20200423,"PA",37053,142061,1369,2750,,,,679,,,1421,1369,-201,3.84%,3.69%
20200422,"PA",35684,136272,1156,2764,,,,685,,,1622,1156,58,4.55%,3.24%
20200421,"PA",34528,132323,1296,2743,,,,673,,,1564,1296,360,4.53%,3.75%
20200420,"PA",33232,129720,948,2701,,,,659,,,1204,948,92,3.62%,2.85%
20200419,"PA",32284,126570,1215,2634,,,,657,,,1112,1215,276,3.44%,3.76%
20200418,"PA",31069,122896,1628,2613,,,,660,,,836,1628,80,2.69%,5.24%
20200417,"PA",29441,117932,1706,2603,,,,661,,,756,1706,49,2.57%,5.79%
20200416,"PA",27735,113735,1245,2512,,,,675,,,707,1245,60,2.55%,4.49%
20200415,"PA",26490,111094,1145,2395,,,,668,,,647,1145,63,2.44%,4.32%
20200414,"PA",25345,108286,1146,2317,,,,675,,,584,1146,60,2.30%,4.52%
20200413,"PA",24199,105593,0,2243,,,,669,,,524,1366,17,2.17%,0.00%
