20201024,56,8531899,113572328,11087,82668,41882,460467,8559,23356,2230,2691,3406656,216646,885,0.41%,0.97%
20201023,56,8449231,112610192,11853,83010,41485,458782,8237,23221,2180,2679,3375427,215761,916,0.42%,0.98%
20201022,56,8366221,111569861,12222,75248,41010,443777,8086,23018,2147,2641,3353056,214845,1143,0.53%,0.90%
20201021,56,8290973,110655892,10241,58606,40271,441206,8182,22855,2090,2622,3323354,213702,1024,0.48%,0.71%
20201020,56,8232367,109964576,8014,60664,39230,438967,8131,22662,2045,2593,3295426,212678,832,0.39%,0.74%
20201019,56,8171703,109207322,12138,57148,37826,436817,7997,22475,1800,2577,3272603,211846,456,0.22%,0.70%
20201018,56,8114555,108181983,12059,48922,36437,435133,7292,22391,1762,2557,3234183,211390,393,0.19%,0.60%
20201017,56,8065633,107411529,12109,57943,37359,434280,7384,22320,1791,2553,3220607,210997,780,0.37%,0.72%
20201016,56,8007690,106456763,13091,68124,37336,432745,7251,22202,1739,2547,3197539,210217,877,0.42%,0.85%
20201015,56,7939566,105476864,13001,63172,37308,430887,7220,22051,1769,2531,3177397,209340,951,0.45%,0.80%
20201014,56,7876394,104628789,11100,56797,37048,428880,7156,21889,1776,2516,3155826,208389,811,0.39%,0.72%
20201013,56,7819597,104003968,8008,48387,36051,426343,7020,21735,1755,2485,3124593,207578,690,0.33%,0.62%
20201012,56,7771210,103149743,11329,43124,35072,424295,6807,21625,1666,2464,3106769,206888,287,0.14%,0.55%
20201011,56,7728086,102260309,11261,46946,34490,423106,6679,21553,1646,2454,3075110,206601,466,0.23%,0.61%
20201010,56,7681140,101456451,11223,57492,34618,422091,6683,21512,1667,2451,3063007,206135,665,0.32%,0.75%
20201009,56,7623648,100497078,13078,57060,34839,420587,6713,21389,1655,2437,3039089,205470,893,0.43%,0.75%
20201008,56,7566588,99546360,13087,55352,34322,418785,6621,21217,1638,2427,3021252,204577,986,0.48%,0.73%
20201007,56,7511236,98665547,12269,50602,33457,416711,6507,21112,1646,2410,2999895,203591,916,0.45%,0.67%
20201006,56,7460634,97932855,8680,38661,32595,414461,6438,20973,1609,2388,2952390,202675,634,0.31%,0.52%
20201005,56,7421973,97210380,11544,38133,31299,415085,6209,20812,1515,2370,2935196,202041,326,0.16%,0.51%
20201004,56,7383840,96364124,11471,38439,29942,413566,5974,20729,1485,2362,2911789,201715,363,0.18%,0.52%
20201003,56,7345401,95539276,11464,51372,30113,412917,5996,20686,1501,2358,2897350,201352,741,0.37%,0.70%
20201002,56,7294029,94692886,10813,49534,30744,411751,6106,20612,1533,2348,2873369,200611,835,0.42%,0.68%
20201001,56,7244495,93715700,13003,45694,30790,410409,6173,20492,1547,2334,2860650,199776,851,0.43%,0.63%
20200930,56,7198801,92955835,9431,44424,30911,408649,6145,20390,1507,2319,2840747,198925,1061,0.53%,0.62%
20200929,56,7154377,92281568,7695,36947,30473,407059,6106,20247,1495,2298,2813305,197864,739,0.37%,0.52%
20200928,56,7117430,91574039,11112,36524,29608,405326,5981,20121,1518,2285,2794608,197125,257,0.13%,0.51%
20200927,56,7080906,90655018,11136,35454,29434,404085,6080,20050,1511,2277,2766304,196868,307,0.16%,0.50%
20200926,56,7045452,89985494,11183,47856,29554,403325,6057,20002,1509,2272,2750459,196561,869,0.44%,0.68%
20200925,56,6997596,89096343,10905,55526,29769,402171,6133,19919,1506,2264,2727335,195692,844,0.43%,0.79%
20200924,56,6942070,88218448,12008,43772,30043,400840,6168,19555,1560,2177,2710183,194848,921,0.47%,0.63%
20200923,56,6898298,87416375,10535,38567,29905,399252,6113,19452,1544,2154,2672338,193927,1159,0.60%,0.56%
20200922,56,6859731,86615497,7999,49439,29459,397801,6111,19324,1562,2130,2646959,192768,854,0.44%,0.72%
20200921,56,6810292,85942856,13241,39472,28755,396355,6071,19353,1572,2116,2615974,191914,287,0.15%,0.58%
20200920,56,6770820,85303584,13192,36295,28608,395215,6015,19281,1595,2112,2589239,191627,327,0.17%,0.54%
20200919,56,6734525,84512983,13217,45564,29035,394699,6070,19243,1577,2111,2577467,191300,740,0.39%,0.68%
20200918,56,6688961,83566093,11805,47486,29501,393632,6175,19163,1608,2107,2557862,190560,901,0.47%,0.71%
20200917,56,6641475,82709952,11768,43558,29900,392173,6278,19057,1658,2092,2540334,189659,863,0.46%,0.66%
20200916,56,6597917,81976741,10587,40021,30278,390624,6308,18961,1651,2090,2525573,188796,1200,0.64%,0.61%
20200915,56,6557896,81351140,4966,35445,30328,389107,6310,18847,1572,2071,2495127,187596,1031,0.55%,0.54%
20200914,56,6522451,80701552,10494,33864,29895,387616,6238,18748,1507,2061,2477942,186565,404,0.22%,0.52%
20200913,56,6488587,80329804,10467,34453,29810,386679,6233,18692,1562,2056,2450184,186161,390,0.21%,0.53%
20200912,56,6454134,79717367,10403,42090,30655,386087,6451,18648,1619,2051,2438903,185771,810,0.44%,0.65%
20200911,56,6412044,78910645,10813,44927,31421,385011,6379,18549,1715,2031,2417878,184961,1018,0.55%,0.70%
20200910,56,6367117,78189575,10530,37581,32421,383458,6531,18453,1925,2008,2403511,183943,1170,0.64%,0.59%
20200909,56,6329536,77613114,6551,31114,32562,381926,6646,18322,1903,1994,2387479,182773,1084,0.59%,0.49%
20200908,56,6298422,77059685,8983,22223,32262,379866,6542,18189,1879,1975,2359111,181689,358,0.20%,0.35%
20200907,56,6276199,76573198,8986,28682,31999,378907,6630,18156,1879,1967,2333583,181331,225,0.12%,0.46%
20200906,56,6247517,76013582,8946,33117,32372,378415,6700,18125,1912,1960,2316020,181106,449,0.25%,0.53%
20200905,56,6214400,75310873,9021,44905,33502,377926,6766,18089,1956,1956,2302203,180657,918,0.51%,0.72%
20200904,56,6169495,74549817,10118,51591,34099,376639,6924,18012,1995,1943,2283454,179739,998,0.56%,0.84%
20200903,56,6117904,73699205,9987,44714,34682,375400,6921,17894,2042,1928,2266957,178741,1070,0.60%,0.73%
20200902,56,6073190,73019975,9293,30603,35569,373864,7087,17784,2024,1918,2231757,177671,1032,0.58%,0.50%
20200901,56,6042587,72405542,6647,42433,35271,372217,7090,17655,2042,1902,2202682,176639,1027,0.58%,0.70%
20200831,56,6000154,71749439,11128,31406,35352,370380,7043,17537,2077,1877,2184825,175612,366,0.21%,0.52%
20200830,56,5968748,71100440,11148,39501,35726,369564,7268,17439,2055,1870,2153963,175246,475,0.27%,0.66%
20200829,56,5929247,70400432,11151,44501,36428,368884,7413,17401,2062,1864,2140631,174771,1015,0.58%,0.75%
20200828,56,5884746,69680696,10428,46548,37239,367588,7558,17304,2086,1856,2118367,173756,1024,0.59%,0.79%
20200827,56,5838198,68954986,11168,43984,37464,365993,7717,17181,2125,1831,2101326,172732,1129,0.65%,0.75%
20200826,56,5794214,68256910,4081,44053,38401,364325,7737,17046,2142,1809,2084465,171603,1298,0.76%,0.76%
20200825,56,5750161,67625238,4091,36379,38779,362452,7863,16920,2163,1789,2053699,170305,1147,0.67%,0.63%
20200824,56,5713782,67027456,4143,34643,38673,360453,7851,16787,2118,1764,2020774,169158,343,0.20%,0.61%
20200823,56,5679139,66379446,4149,37566,39017,359404,7949,16697,2131,1737,1997782,168815,572,0.34%,0.66%
20200822,56,5641573,65801499,4154,46236,39894,358630,8207,16657,2204,1736,1985493,168243,1029,0.61%,0.82%
20200821,56,5595337,65091206,4199,46561,40951,357093,8357,16563,2286,1730,1965056,167214,1123,0.67%,0.83%
20200820,56,5548776,64394152,4170,43758,41988,355276,8483,16487,2335,1716,1946866,166091,1134,0.68%,0.79%
20200819,56,5505018,63760074,4374,44955,43330,353266,8744,16377,2371,1705,1924875,164957,1420,0.86%,0.82%
20200818,56,5460063,63115251,4412,40795,43758,351234,8866,16123,2468,1695,1889170,163537,1196,0.73%,0.75%
20200817,56,5419268,62498392,4298,37880,43485,348961,8871,15985,2447,1678,1865580,162341,407,0.25%,0.70%
20200816,56,5381388,61872546,4302,42487,44046,347694,8958,15924,2481,1665,1833096,161934,619,0.38%,0.79%
20200815,56,5338901,61131947,4452,56149,44795,347045,9087,15891,2526,1663,1818546,161315,1221,0.76%,1.05%
20200814,56,5282752,60438637,4415,55636,45776,345014,9277,15764,2549,1665,1796326,160094,1216,0.76%,1.05%
20200813,56,5227116,59639733,4239,51759,47218,342802,9487,15629,2579,1649,1774648,158878,1163,0.73%,0.99%
20200812,56,5175357,58796198,4174,56134,47991,340117,9555,15524,2604,1629,1755225,157715,1519,0.96%,1.08%
20200811,56,5119223,58357174,4118,55701,48498,337062,9136,15331,2415,1612,1714960,156196,1326,0.85%,1.09%
20200810,56,5063522,57658417,3966,42089,48635,334347,9216,15158,2533,1592,1670755,154870,426,0.28%,0.83%
20200809,56,5021433,56965015,3871,50627,48899,332693,9307,15081,2507,1578,1656888,154444,616,0.40%,1.01%
20200808,56,4970806,56298076,3888,53712,49911,331838,9662,15024,2566,1561,1643137,153828,1089,0.71%,1.08%
20200807,56,4917094,55676096,3988,61345,51207,330424,9691,14925,2617,1549,1623870,152739,1333,0.87%,1.25%
20200806,56,4855749,54960377,3903,54187,53132,322388,9994,14810,2718,1534,1598624,151406,1251,0.83%,1.12%
20200805,56,4801562,54268978,3842,52324,53353,319706,9986,14687,2719,1524,1577851,150155,1346,0.90%,1.09%
20200804,56,4749238,53625363,3789,51866,53326,317437,10207,14537,2701,1493,1528979,148809,1255,0.84%,1.09%
20200803,56,4697372,52965810,3662,49713,53377,312947,10230,14370,2659,1463,1513446,147554,519,0.35%,1.06%
20200802,56,4647659,52273107,3888,46812,54017,311223,10415,14288,2645,1448,1468689,147035,498,0.34%,1.01%
20200801,56,4600847,51629781,3975,61101,54470,310406,10450,14227,2698,1445,1461885,146537,1190,0.81%,1.33%
20200731,56,4539746,50955877,3956,67623,55593,308088,10472,14044,2703,1437,1438160,145347,1312,0.90%,1.49%
20200730,56,4472123,50298050,3947,69418,56427,305461,10523,13875,2760,1415,1413957,144035,1259,0.87%,1.55%
20200729,56,4402705,49560100,3840,64408,57339,302078,10539,13744,2772,1400,1390568,142776,1492,1.04%,1.46%
20200728,56,4338297,48792892,3600,59003,57091,299144,10463,13559,2752,1372,1355363,141284,1122,0.79%,1.36%
20200727,56,4279294,48089207,3398,55332,58897,294472,10328,13412,2720,1356,1325804,140162,1060,0.76%,1.29%
20200726,56,4223962,47382065,3361,61000,58621,292782,10353,13343,2723,1336,1297863,139102,559,0.40%,1.44%
20200725,56,4162962,46602011,3377,64741,59301,291347,10380,13279,2729,1300,1279414,138543,1023,0.74%,1.56%
20200724,56,4098221,45886042,3409,75235,59682,289370,10395,13182,2711,1297,1261624,137520,1176,0.86%,1.84%
20200723,56,4022986,45034837,3179,71553,59718,286338,10414,12933,2465,1280,1233269,136344,1056,0.77%,1.78%
20200722,56,3951433,44265316,3051,69333,59596,283829,10457,12790,2440,1258,1210849,135288,1171,0.87%,1.75%
20200721,56,3882100,43538211,3197,63930,59364,281581,6711,12629,2414,1242,1182931,134117,1039,0.77%,1.65%
20200720,56,3818170,42851850,3003,57041,58370,279030,6557,12475,2403,1223,1160087,133078,363,0.27%,1.49%
20200719,56,3761129,42197702,3052,64260,57885,277383,6384,12393,2362,1216,1131171,132715,527,0.40%,1.71%
20200718,56,3696869,41482371,3032,64951,57645,276439,6397,12342,2343,1211,1122720,132188,872,0.66%,1.76%
20200717,56,3631918,40790485,3002,76842,57759,274436,6452,12243,2353,1200,1106844,131316,951,0.72%,2.12%
20200716,56,3555076,40032828,2929,71036,57440,271758,6359,12091,2317,1175,1090645,130365,947,0.73%,2.00%
20200715,56,3484040,39276541,2947,65797,56144,269543,6317,12002,2317,1166,1075882,129418,858,0.66%,1.89%
20200714,56,3418243,38573451,960,62687,55565,267127,6235,11857,2263,1154,1049098,128560,736,0.57%,1.83%
20200713,56,3355556,37870551,2610,58133,53988,264865,6074,11749,2259,1142,1031939,127824,327,0.26%,1.73%
20200712,56,3297423,37234051,2639,61312,52727,263651,5930,11679,2182,1136,1006326,127497,476,0.37%,1.86%
20200711,56,3236111,36531657,2618,62895,51858,262712,5939,11612,2169,1128,995576,127021,757,0.60%,1.94%
20200710,56,3173216,35893902,2493,66846,51599,257571,5896,11523,2197,1118,983185,126264,854,0.68%,2.11%
20200709,56,3106370,35150973,2530,59157,43933,255253,5845,11370,2127,1138,969111,125410,867,0.69%,1.90%
20200708,56,3047213,34504129,2360,62672,43076,253534,5874,11303,2172,1103,953420,124543,807,0.65%,2.06%
20200707,56,2984541,33928570,2136,51687,41760,251499,5832,11177,2098,1084,936476,123736,923,0.75%,1.73%
20200706,56,2932854,33344399,1907,41959,39769,249539,5687,11058,2105,1070,924148,122813,243,0.20%,1.43%
20200705,56,2890895,32872797,1885,45612,38764,248745,5653,11010,2080,1064,902558,122570,209,0.17%,1.58%
20200704,56,2845283,32239458,2083,54338,38146,248155,5633,10977,1982,1063,894325,122361,306,0.25%,1.91%
20200703,56,2790945,31661977,2237,53948,37798,247284,5597,10936,2049,1059,883561,122055,598,0.49%,1.93%
20200702,56,2736997,31007934,2208,54085,37500,245849,5626,10843,2105,1041,875127,121457,695,0.57%,1.98%
20200701,56,2682912,30399580,2604,50981,36405,243846,5512,10752,2098,1027,823151,120762,701,0.58%,1.90%
20200630,56,2631931,29810182,2432,47864,35248,242408,5424,10669,2044,1008,813788,120061,596,0.50%,1.82%
20200629,56,2584067,29230030,2194,39813,33585,240826,5380,10542,2011,990,798360,119465,332,0.28%,1.54%
20200628,56,2544254,28614042,2198,41570,32488,240156,5252,10473,2077,983,778321,119133,271,0.23%,1.63%
20200627,56,2502684,28078236,2186,43164,32482,239576,5314,10415,2159,977,772465,118862,511,0.43%,1.72%
20200626,56,2459520,27522589,2201,44543,31738,238519,5283,10334,2075,966,763966,118351,637,0.54%,1.81%
20200625,56,2414977,26957095,2133,39637,31842,236993,5320,10257,2214,951,756719,117714,647,0.55%,1.64%
20200624,56,2375340,26354402,2049,39075,31102,235736,5293,10173,2248,934,747565,117067,724,0.62%,1.65%
20200623,56,2336265,25869353,1891,33447,30235,234426,5402,10077,2293,918,738952,116343,710,0.61%,1.43%
20200622,56,2302818,25400249,2028,27281,28799,233169,5323,10002,2299,909,731602,115633,286,0.25%,1.18%
20200621,56,2275537,24956160,2084,27928,28220,232369,5195,9944,2321,904,713537,115347,294,0.25%,1.23%
20200620,56,2247609,24460111,2108,32294,27967,231855,5229,9908,2380,888,708864,115053,629,0.55%,1.44%
20200619,56,2215315,23926807,2032,31471,28616,231110,5341,9876,2434,884,698119,114424,655,0.57%,1.42%
20200618,56,2183844,23378700,1903,27746,28415,229497,5464,9736,2520,869,690692,113769,705,0.62%,1.27%
20200617,56,2156098,22887075,1745,24001,28576,228457,5612,9665,2588,857,680916,113064,767,0.68%,1.11%
20200616,56,2132097,22423907,1604,23478,28270,227327,5570,9590,2594,845,672228,112297,730,0.65%,1.10%
20200615,56,2108619,21981257,1619,18649,27867,226026,5703,9516,2640,835,665059,111567,381,0.34%,0.88%
20200614,56,2089970,21565867,1672,21399,27895,225483,5749,9466,2716,834,650541,111186,356,0.32%,1.02%
20200613,56,2068571,21101713,1698,25376,28450,224843,5883,9430,2726,830,645331,110830,694,0.63%,1.23%
20200612,56,2043195,20630325,1783,23597,29154,223738,6017,9373,2734,814,636111,110136,775,0.70%,1.15%
20200611,56,2019598,20030353,1816,22153,29698,222493,6074,9295,2886,792,629017,109361,899,0.82%,1.10%
20200610,56,1997445,19592291,1737,20894,30864,221126,6249,9225,3020,780,618125,108462,887,0.82%,1.05%
20200609,56,1976551,19183320,1661,17312,31009,219642,6457,9141,3090,771,609476,107575,902,0.84%,0.88%
20200608,56,1959239,18778941,1606,17209,30996,218115,6402,9013,3240,762,603143,106673,661,0.62%,0.88%
20200607,56,1942030,18398720,1733,18740,31225,217401,6501,8957,3298,753,590988,106012,447,0.42%,0.96%
20200606,56,1923290,17994337,1796,23064,31761,216716,6762,8920,3476,750,585470,105565,728,0.69%,1.20%
20200605,56,1900226,17472559,1749,23394,32280,215699,6920,8863,3523,740,576327,104837,826,0.79%,1.23%
20200604,56,1876832,16987873,3474,20886,32639,214259,7057,8787,3665,723,569623,104011,893,0.86%,1.11%
20200603,56,1855946,16545978,3556,20390,33070,217100,7227,8688,3749,717,557366,103118,993,0.96%,1.10%
20200602,56,1835556,16097659,4054,20109,33724,214845,7407,8566,3852,710,541976,102125,962,0.94%,1.10%
20200601,56,1815447,15697059,3455,20485,34075,213260,7591,8485,3950,704,536339,101163,668,0.66%,1.13%
20200531,56,1794962,15303390,3270,21558,34648,210464,7626,8445,3669,704,522866,100495,652,0.65%,1.20%
20200530,56,1773404,14928199,1668,23682,35524,209488,7956,8305,4004,698,494569,99843,932,0.93%,1.34%
20200529,56,1749722,14525338,2978,23572,36764,208064,8174,8235,4032,689,484554,98911,1184,1.20%,1.35%
20200528,56,1726150,14060234,1906,22622,37818,206349,8389,8109,4080,676,478099,97727,1231,1.26%,1.31%
20200527,56,1703528,13646805,3132,19447,38038,204719,8547,8015,4222,666,391508,96496,1321,1.37%,1.14%
20200526,56,1684081,13356243,1549,16825,37561,203006,8585,7899,4215,650,384902,95175,645,0.68%,1.00%
20200525,56,1667256,13065188,3368,18671,37432,185686,8467,7847,4237,642,379157,94530,559,0.59%,1.12%
20200524,56,1648585,12660470,3860,20072,37483,184684,8485,7801,4383,639,366736,93971,680,0.72%,1.22%
20200523,56,1628513,12298530,4084,21531,38391,183763,8733,7770,4620,638,361239,93291,1063,1.14%,1.32%
20200522,56,1606982,11929381,3709,24433,39822,182385,9049,7689,4716,633,350135,92228,1341,1.45%,1.52%
20200521,56,1582549,11543590,3641,26688,41065,178339,9090,7412,4868,616,298418,90887,1394,1.53%,1.69%
20200520,56,1555861,11107315,2973,21308,41546,173709,9521,7319,4911,613,294312,89493,1399,1.56%,1.37%
20200519,56,1534553,10720072,2944,20897,41661,171713,9598,7217,5032,606,289484,88094,1326,1.51%,1.36%
20200518,56,1513656,10338098,3596,21028,41553,170116,9754,7064,5257,602,283178,86768,848,0.98%,1.39%
20200517,56,1492628,10002921,3449,20009,41606,168959,9934,7003,5467,593,272265,85920,849,0.99%,1.34%
20200516,56,1472619,9651351,3788,24702,43211,167760,10278,6945,5529,592,268376,85071,987,1.16%,1.68%
20200515,56,1447917,9313193,2457,24685,44299,165904,10484,6890,5746,589,250747,84084,1507,1.79%,1.70%
20200514,56,1423232,8978480,2673,26785,45635,164551,10655,6795,5940,582,246414,82577,1879,2.28%,1.88%
20200513,56,1396447,8639769,1983,21285,46742,161345,10990,6713,6156,572,243430,80698,1704,2.11%,1.52%
20200512,56,1375162,8340605,1803,22890,47402,159536,11240,5595,6352,559,238857,78994,1486,1.88%,1.66%
20200511,56,1352272,8053622,1989,18377,46372,157957,11148,6488,6350,551,232142,77508,892,1.15%,1.36%
20200510,56,1333895,7688384,3095,21055,46981,156719,11393,6445,6395,547,215591,76616,1036,1.35%,1.58%
20200509,56,1312840,7443031,3054,25218,48564,155664,11496,6367,6551,543,211976,75580,1445,1.91%,1.92%
20200508,56,1287622,7175795,3307,27222,49785,153956,11780,6294,6788,531,198459,74135,1798,2.43%,2.11%
20200507,56,1260400,6904672,3171,27537,51398,147064,12136,5174,7070,529,194528,72337,2752,3.80%,2.18%
20200506,56,1232863,6629657,2742,25115,52560,143322,12478,4911,4753,449,189425,69585,1948,2.80%,2.04%
20200505,56,1207748,6408808,2633,22444,53221,141203,12628,4794,4818,439,189336,67637,2452,3.63%,1.86%
20200504,56,1185304,6158727,2791,22649,52409,139220,12696,4579,4848,430,186752,65185,1035,1.59%,1.91%
20200503,56,1162655,5949059,2812,25701,52623,137569,12720,4502,4761,425,179733,64150,1232,1.92%,2.21%
20200502,56,1136954,5737942,1578,29154,54048,135606,12905,4386,4845,375,174987,62918,1562,2.48%,2.56%
20200501,56,1107800,5519621,1639,33021,54903,133575,12845,4300,4707,376,163644,61356,1779,2.90%,2.98%
20200430,56,1074779,5256521,2775,29975,54919,123786,13255,4192,4712,373,154648,59577,2139,3.59%,2.79%
20200429,56,1044804,5052618,4832,26168,55979,121496,13535,4093,4796,365,147165,57438,2713,4.72%,2.50%
20200428,56,1018636,4839965,4206,25280,56062,118081,13562,3798,4760,195,139041,54725,2072,3.79%,2.48%
20200427,56,993356,4658012,4077,22708,56189,116002,13812,3720,4867,195,121323,52653,1270,2.41%,2.29%
20200426,56,970648,4484632,4445,27310,56192,112926,14104,2571,5121,227,116529,51383,1215,2.36%,2.81%
20200425,56,943338,4305348,5315,35889,57381,110734,14415,2516,5266,227,112539,50168,1748,3.48%,3.80%
20200424,56,907449,4064631,4396,34231,57295,108278,14605,2468,5187,227,101296,48420,1895,3.91%,3.77%
20200423,56,873218,3862346,4258,31812,58989,105940,14744,2428,5464,227,96921,46525,1791,3.85%,3.64%
20200422,56,841406,3700716,4191,28959,59202,103138,15013,2370,5474,227,92978,44734,2098,4.69%,3.44%
20200421,56,812447,3405487,3956,26367,59780,100051,14941,2315,5514,214,72842,42636,2467,5.79%,3.25%
20200420,56,786080,3278424,4037,25897,56734,97369,14463,2193,5567,214,69493,40169,1798,4.48%,3.29%
20200419,56,760183,3158055,11324,27387,56486,95158,14385,2145,5603,214,67205,38371,1772,4.62%,3.60%
20200418,56,732796,3031223,9906,27907,57761,92919,14769,2096,5729,205,62840,36599,1893,5.17%,3.81%
20200417,56,704889,2912972,10889,32024,58895,89356,14890,2052,6096,148,53533,34706,2119,6.11%,4.54%
20200416,56,672865,2785630,16927,30978,59499,85951,15130,1834,5940,137,48851,32587,2200,6.75%,4.60%
20200415,56,641887,2652457,16901,30307,59940,82880,14646,1783,6032,223,43435,30387,2544,8.37%,4.72%
20200414,56,611580,2545433,16615,25719,59610,78446,14039,1715,5975,221,39268,27843,2336,8.39%,4.21%
20200413,56,585861,2419021,17159,25195,56184,75164,13620,1628,6168,210,35372,25507,1643,6.44%,4.30%
20200412,56,560666,2309672,16419,27784,55427,70879,13620,1455,5986,160,34081,23864,1703,7.14%,4.96%
20200411,56,532882,2198468,16593,30501,55573,67591,13285,1405,5978,154,31567,22161,2054,9.27%,5.72%
20200410,56,502381,2091876,17435,34380,53166,64766,12693,1185,5937,41,28997,20107,2108,10.48%,6.84%
20200409,56,468001,1967684,17622,34503,51305,59832,12450,924,5794,39,24819,17999,2043,11.35%,7.37%
20200408,56,433498,1830936,17219,30677,45492,55909,10337,1013,4131,216,21102,15956,2010,12.60%,7.08%
